    0.10000E-03    0.43829E+03
    0.10202E-03    0.44685E+03
    0.10408E-03    0.45556E+03
    0.10618E-03    0.46445E+03
    0.10833E-03    0.47351E+03
    0.11052E-03    0.48275E+03
    0.11275E-03    0.49217E+03
    0.11503E-03    0.50177E+03
    0.11735E-03    0.51156E+03
    0.11972E-03    0.52154E+03
    0.12214E-03    0.53172E+03
    0.12461E-03    0.54209E+03
    0.12712E-03    0.55266E+03
    0.12969E-03    0.56344E+03
    0.13231E-03    0.57443E+03
    0.13499E-03    0.58564E+03
    0.13771E-03    0.59706E+03
    0.14049E-03    0.60871E+03
    0.14333E-03    0.62058E+03
    0.14623E-03    0.63268E+03
    0.14918E-03    0.64502E+03
    0.15220E-03    0.65759E+03
    0.15527E-03    0.67042E+03
    0.15841E-03    0.68349E+03
    0.16161E-03    0.69682E+03
    0.16487E-03    0.71040E+03
    0.16820E-03    0.72425E+03
    0.17160E-03    0.73837E+03
    0.17507E-03    0.75276E+03
    0.17860E-03    0.76743E+03
    0.18221E-03    0.78239E+03
    0.18589E-03    0.79764E+03
    0.18965E-03    0.81319E+03
    0.19348E-03    0.82903E+03
    0.19739E-03    0.84519E+03
    0.20138E-03    0.86165E+03
    0.20544E-03    0.87844E+03
    0.20959E-03    0.89555E+03
    0.21383E-03    0.91300E+03
    0.21815E-03    0.93078E+03
    0.22255E-03    0.94891E+03
    0.22705E-03    0.96739E+03
    0.23164E-03    0.98622E+03
    0.23632E-03    0.10054E+04
    0.24109E-03    0.10250E+04
    0.24596E-03    0.10450E+04
    0.25093E-03    0.10653E+04
    0.25600E-03    0.10860E+04
    0.26117E-03    0.11072E+04
    0.26645E-03    0.11287E+04
    0.27183E-03    0.11507E+04
    0.27732E-03    0.11730E+04
    0.28292E-03    0.11958E+04
    0.28864E-03    0.12191E+04
    0.29447E-03    0.12428E+04
    0.30042E-03    0.12670E+04
    0.30649E-03    0.12916E+04
    0.31268E-03    0.13167E+04
    0.31899E-03    0.13423E+04
    0.32544E-03    0.13683E+04
    0.33201E-03    0.13949E+04
    0.33872E-03    0.14220E+04
    0.34556E-03    0.14496E+04
    0.35254E-03    0.14777E+04
    0.35966E-03    0.15064E+04
    0.36693E-03    0.15356E+04
    0.37434E-03    0.15654E+04
    0.38190E-03    0.15958E+04
    0.38962E-03    0.16267E+04
    0.39749E-03    0.16583E+04
    0.40552E-03    0.16904E+04
    0.41371E-03    0.17231E+04
    0.42207E-03    0.17565E+04
    0.43060E-03    0.17905E+04
    0.43929E-03    0.18252E+04
    0.44817E-03    0.18605E+04
    0.45722E-03    0.18964E+04
    0.46646E-03    0.19331E+04
    0.47588E-03    0.19705E+04
    0.48550E-03    0.20085E+04
    0.49530E-03    0.20473E+04
    0.50531E-03    0.20868E+04
    0.51552E-03    0.21271E+04
    0.52593E-03    0.21681E+04
    0.53656E-03    0.22099E+04
    0.54739E-03    0.22525E+04
    0.55845E-03    0.22959E+04
    0.56973E-03    0.23401E+04
    0.58124E-03    0.23852E+04
    0.59299E-03    0.24310E+04
    0.60496E-03    0.24778E+04
    0.61719E-03    0.25254E+04
    0.62965E-03    0.25739E+04
    0.64237E-03    0.26233E+04
    0.65535E-03    0.26736E+04
    0.66859E-03    0.27248E+04
    0.68210E-03    0.27770E+04
    0.69588E-03    0.28302E+04
    0.70993E-03    0.28843E+04
    0.72427E-03    0.29395E+04
    0.73891E-03    0.29956E+04
    0.75383E-03    0.30528E+04
    0.76906E-03    0.31110E+04
    0.78460E-03    0.31703E+04
    0.80045E-03    0.32307E+04
    0.81662E-03    0.32922E+04
    0.83311E-03    0.33548E+04
    0.84994E-03    0.34185E+04
    0.86711E-03    0.34834E+04
    0.88463E-03    0.35495E+04
    0.90250E-03    0.36167E+04
    0.92073E-03    0.36852E+04
    0.93933E-03    0.37549E+04
    0.95831E-03    0.38258E+04
    0.97767E-03    0.38980E+04
    0.99742E-03    0.39715E+04
    0.10176E-02    0.40462E+04
    0.10381E-02    0.41223E+04
    0.10591E-02    0.41998E+04
    0.10805E-02    0.42785E+04
    0.11023E-02    0.43587E+04
    0.11246E-02    0.44403E+04
    0.11473E-02    0.45233E+04
    0.11705E-02    0.46077E+04
    0.11941E-02    0.46936E+04
    0.12182E-02    0.47809E+04
    0.12429E-02    0.48698E+04
    0.12680E-02    0.49601E+04
    0.12936E-02    0.50520E+04
    0.13197E-02    0.51455E+04
    0.13464E-02    0.52405E+04
    0.13736E-02    0.53371E+04
    0.14013E-02    0.54353E+04
    0.14296E-02    0.55351E+04
    0.14585E-02    0.56366E+04
    0.14880E-02    0.57398E+04
    0.15180E-02    0.58447E+04
    0.15487E-02    0.59512E+04
    0.15800E-02    0.60595E+04
    0.16119E-02    0.61695E+04
    0.16445E-02    0.62812E+04
    0.16777E-02    0.63948E+04
    0.17116E-02    0.65101E+04
    0.17462E-02    0.66272E+04
    0.17814E-02    0.67462E+04
    0.18174E-02    0.68670E+04
    0.18541E-02    0.69896E+04
    0.18916E-02    0.71141E+04
    0.19298E-02    0.72405E+04
    0.19688E-02    0.73688E+04
    0.20086E-02    0.74989E+04
    0.20491E-02    0.76310E+04
    0.20905E-02    0.77651E+04
    0.21328E-02    0.79011E+04
    0.21758E-02    0.80390E+04
    0.22198E-02    0.81789E+04
    0.22646E-02    0.83207E+04
    0.23104E-02    0.84645E+04
    0.23571E-02    0.86104E+04
    0.24047E-02    0.87582E+04
    0.24533E-02    0.89080E+04
    0.25028E-02    0.90597E+04
    0.25534E-02    0.92135E+04
    0.26050E-02    0.93693E+04
    0.26576E-02    0.95271E+04
    0.27113E-02    0.96869E+04
    0.27660E-02    0.98487E+04
    0.28219E-02    0.10013E+05
    0.28789E-02    0.10178E+05
    0.29371E-02    0.10346E+05
    0.29964E-02    0.10516E+05
    0.30569E-02    0.10688E+05
    0.31187E-02    0.10861E+05
    0.31817E-02    0.11037E+05
    0.32460E-02    0.11214E+05
    0.33115E-02    0.11394E+05
    0.33784E-02    0.11575E+05
    0.34467E-02    0.11759E+05
    0.35163E-02    0.11944E+05
    0.35874E-02    0.12131E+05
    0.36598E-02    0.12320E+05
    0.37338E-02    0.12510E+05
    0.38092E-02    0.12702E+05
    0.38861E-02    0.12896E+05
    0.39646E-02    0.13092E+05
    0.40447E-02    0.13290E+05
    0.41264E-02    0.13489E+05
    0.42098E-02    0.13689E+05
    0.42948E-02    0.13891E+05
    0.43816E-02    0.14095E+05
    0.44701E-02    0.14300E+05
    0.45604E-02    0.14506E+05
    0.46525E-02    0.14714E+05
    0.47465E-02    0.14923E+05
    0.48424E-02    0.15133E+05
    0.49402E-02    0.15344E+05
    0.50400E-02    0.15557E+05
    0.51419E-02    0.15770E+05
    0.52457E-02    0.15984E+05
    0.53517E-02    0.16200E+05
    0.54598E-02    0.16416E+05
    0.55701E-02    0.16632E+05
    0.56826E-02    0.16850E+05
    0.57974E-02    0.17068E+05
    0.59145E-02    0.17286E+05
    0.60340E-02    0.17504E+05
    0.61559E-02    0.17723E+05
    0.62803E-02    0.17941E+05
    0.64072E-02    0.18160E+05
    0.65366E-02    0.18378E+05
    0.66686E-02    0.18596E+05
    0.68033E-02    0.18813E+05
    0.69408E-02    0.19030E+05
    0.70810E-02    0.19247E+05
    0.72240E-02    0.19462E+05
    0.73700E-02    0.19677E+05
    0.75189E-02    0.19890E+05
    0.76708E-02    0.20102E+05
    0.78257E-02    0.20313E+05
    0.79838E-02    0.20522E+05
    0.81451E-02    0.20729E+05
    0.83096E-02    0.20935E+05
    0.84775E-02    0.21138E+05
    0.86488E-02    0.21338E+05
    0.88235E-02    0.21537E+05
    0.90017E-02    0.21732E+05
    0.91836E-02    0.21925E+05
    0.93691E-02    0.22114E+05
    0.95583E-02    0.22300E+05
    0.97514E-02    0.22483E+05
    0.99484E-02    0.22662E+05
    0.10149E-01    0.22837E+05
    0.10354E-01    0.23007E+05
    0.10564E-01    0.23173E+05
    0.10777E-01    0.23335E+05
    0.10995E-01    0.23491E+05
    0.11217E-01    0.23643E+05
    0.11443E-01    0.23788E+05
    0.11675E-01    0.23928E+05
    0.11910E-01    0.24062E+05
    0.12151E-01    0.24190E+05
    0.12397E-01    0.24311E+05
    0.12647E-01    0.24425E+05
    0.12902E-01    0.24533E+05
    0.13163E-01    0.24633E+05
    0.13429E-01    0.24726E+05
    0.13700E-01    0.24812E+05
    0.13977E-01    0.24888E+05
    0.14259E-01    0.24955E+05
    0.14547E-01    0.25013E+05
    0.14841E-01    0.25061E+05
    0.15141E-01    0.25100E+05
    0.15447E-01    0.25131E+05
    0.15759E-01    0.25155E+05
    0.16077E-01    0.25173E+05
    0.16402E-01    0.25185E+05
    0.16734E-01    0.25188E+05
    0.17072E-01    0.25181E+05
    0.17416E-01    0.25161E+05
    0.17768E-01    0.25127E+05
    0.18127E-01    0.25079E+05
    0.18493E-01    0.25016E+05
    0.18867E-01    0.24941E+05
    0.19248E-01    0.24855E+05
    0.19637E-01    0.24758E+05
    0.20034E-01    0.24650E+05
    0.20438E-01    0.24531E+05
    0.20851E-01    0.24399E+05
    0.21272E-01    0.24253E+05
    0.21702E-01    0.24091E+05
    0.22141E-01    0.23915E+05
    0.22588E-01    0.23725E+05
    0.23044E-01    0.23523E+05
    0.23510E-01    0.23310E+05
    0.23985E-01    0.23089E+05
    0.24469E-01    0.22858E+05
    0.24964E-01    0.22620E+05
    0.25468E-01    0.22372E+05
    0.25982E-01    0.22117E+05
    0.26507E-01    0.21853E+05
    0.27043E-01    0.21582E+05
    0.27589E-01    0.21302E+05
    0.28146E-01    0.21013E+05
    0.28715E-01    0.20717E+05
    0.29295E-01    0.20412E+05
    0.29887E-01    0.20100E+05
    0.30490E-01    0.19781E+05
    0.31106E-01    0.19457E+05
    0.31735E-01    0.19127E+05
    0.32376E-01    0.18794E+05
    0.33030E-01    0.18458E+05
    0.33697E-01    0.18121E+05
    0.34378E-01    0.17784E+05
    0.35072E-01    0.17448E+05
    0.35781E-01    0.17114E+05
    0.36504E-01    0.16783E+05
    0.37241E-01    0.16456E+05
    0.37993E-01    0.16134E+05
    0.38761E-01    0.15817E+05
    0.39544E-01    0.15505E+05
    0.40343E-01    0.15201E+05
    0.41158E-01    0.14903E+05
    0.41989E-01    0.14612E+05
    0.42838E-01    0.14329E+05
    0.43703E-01    0.14055E+05
    0.44586E-01    0.13789E+05
    0.45486E-01    0.13533E+05
    0.46405E-01    0.13289E+05
    0.47343E-01    0.13056E+05
    0.48299E-01    0.12835E+05
    0.49275E-01    0.12625E+05
    0.50270E-01    0.12426E+05
    0.51286E-01    0.12236E+05
    0.52322E-01    0.12054E+05
    0.53379E-01    0.11879E+05
    0.54457E-01    0.11711E+05
    0.55557E-01    0.11549E+05
    0.56680E-01    0.11391E+05
    0.57825E-01    0.11238E+05
    0.58993E-01    0.11087E+05
    0.60184E-01    0.10938E+05
    0.61400E-01    0.10790E+05
    0.62641E-01    0.10640E+05
    0.63906E-01    0.10489E+05
    0.65197E-01    0.10334E+05
    0.66514E-01    0.10174E+05
    0.67858E-01    0.10005E+05
    0.69229E-01    0.98264E+04
    0.70627E-01    0.96366E+04
    0.72054E-01    0.94377E+04
    0.73510E-01    0.92314E+04
    0.74994E-01    0.90173E+04
    0.76509E-01    0.87921E+04
    0.78055E-01    0.85529E+04
    0.79632E-01    0.83009E+04
    0.81241E-01    0.80405E+04
    0.82882E-01    0.77759E+04
    0.84556E-01    0.75098E+04
    0.86264E-01    0.72438E+04
    0.88007E-01    0.69800E+04
    0.89785E-01    0.67209E+04
    0.91598E-01    0.64690E+04
    0.93449E-01    0.62265E+04
    0.95337E-01    0.59958E+04
    0.97263E-01    0.57787E+04
    0.99227E-01    0.55769E+04
    0.10123E+00    0.53922E+04
    0.10328E+00    0.52254E+04
    0.10536E+00    0.50764E+04
    0.10749E+00    0.49450E+04
    0.10966E+00    0.48296E+04
    0.11188E+00    0.47281E+04
    0.11414E+00    0.46381E+04
    0.11644E+00    0.45560E+04
    0.11880E+00    0.44785E+04
    0.12120E+00    0.44020E+04
    0.12365E+00    0.43230E+04
    0.12614E+00    0.42384E+04
    0.12869E+00    0.41458E+04
    0.13129E+00    0.40432E+04
    0.13394E+00    0.39299E+04
    0.13665E+00    0.38059E+04
    0.13941E+00    0.36723E+04
    0.14223E+00    0.35311E+04
    0.14510E+00    0.33848E+04
    0.14803E+00    0.32366E+04
    0.15102E+00    0.30903E+04
    0.15407E+00    0.29496E+04
    0.15718E+00    0.28182E+04
    0.16036E+00    0.26994E+04
    0.16360E+00    0.25951E+04
    0.16690E+00    0.25056E+04
    0.17028E+00    0.24299E+04
    0.17371E+00    0.23657E+04
    0.17722E+00    0.23100E+04
    0.18080E+00    0.22595E+04
    0.18446E+00    0.22108E+04
    0.18818E+00    0.21605E+04
    0.19198E+00    0.21053E+04
    0.19586E+00    0.20427E+04
    0.19982E+00    0.19722E+04
    0.20386E+00    0.18947E+04
    0.20797E+00    0.18128E+04
    0.21218E+00    0.17300E+04
    0.21646E+00    0.16494E+04
    0.22083E+00    0.15742E+04
    0.22530E+00    0.15067E+04
    0.22985E+00    0.14480E+04
    0.23449E+00    0.13982E+04
    0.23923E+00    0.13556E+04
    0.24406E+00    0.13179E+04
    0.24899E+00    0.12822E+04
    0.25402E+00    0.12453E+04
    0.25915E+00    0.12052E+04
    0.26439E+00    0.11611E+04
    0.26973E+00    0.11137E+04
    0.27518E+00    0.10649E+04
    0.28074E+00    0.10169E+04
    0.28641E+00    0.97170E+03
    0.29219E+00    0.93109E+03
    0.29810E+00    0.89561E+03
    0.30412E+00    0.86449E+03
    0.31026E+00    0.83605E+03
    0.31653E+00    0.80848E+03
    0.32292E+00    0.78032E+03
    0.32945E+00    0.75069E+03
    0.33610E+00    0.71973E+03
    0.34289E+00    0.68860E+03
    0.34982E+00    0.65874E+03
    0.35689E+00    0.63113E+03
    0.36409E+00    0.60609E+03
    0.37145E+00    0.58332E+03
    0.37895E+00    0.56196E+03
    0.38661E+00    0.54096E+03
    0.39442E+00    0.51971E+03
    0.40239E+00    0.49826E+03
    0.41052E+00    0.47710E+03
    0.41881E+00    0.45687E+03
    0.42727E+00    0.43801E+03
    0.43590E+00    0.42051E+03
    0.44471E+00    0.40396E+03
    0.45369E+00    0.38792E+03
    0.46286E+00    0.37209E+03
    0.47221E+00    0.35648E+03
    0.48174E+00    0.34140E+03
    0.49148E+00    0.32707E+03
    0.50141E+00    0.31354E+03
    0.51153E+00    0.30070E+03
    0.52187E+00    0.28829E+03
    0.53241E+00    0.27622E+03
    0.54317E+00    0.26451E+03
    0.55414E+00    0.25327E+03
    0.56533E+00    0.24257E+03
    0.57675E+00    0.23237E+03
    0.58840E+00    0.22257E+03
    0.60029E+00    0.21310E+03
    0.61242E+00    0.20398E+03
    0.62479E+00    0.19523E+03
    0.63741E+00    0.18686E+03
    0.65029E+00    0.17885E+03
    0.66342E+00    0.17117E+03
    0.67683E+00    0.16380E+03
    0.69050E+00    0.15673E+03
    0.70445E+00    0.14994E+03
    0.71868E+00    0.14343E+03
    0.73320E+00    0.13719E+03
    0.74801E+00    0.13120E+03
    0.76312E+00    0.12546E+03
    0.77854E+00    0.11996E+03
    0.79426E+00    0.11469E+03
    0.81031E+00    0.10964E+03
    0.82668E+00    0.10480E+03
    0.84338E+00    0.10016E+03
    0.86041E+00    0.95721E+02
    0.87780E+00    0.91469E+02
    0.89553E+00    0.87398E+02
    0.91362E+00    0.83501E+02
    0.93208E+00    0.79771E+02
    0.95091E+00    0.76201E+02
    0.97011E+00    0.72785E+02
    0.98971E+00    0.69517E+02
    0.10097E+01    0.66389E+02
    0.10301E+01    0.63398E+02
    0.10509E+01    0.60536E+02
    0.10721E+01    0.57799E+02
    0.10938E+01    0.55181E+02
    0.11159E+01    0.52678E+02
    0.11384E+01    0.50284E+02
    0.11614E+01    0.47996E+02
    0.11849E+01    0.45808E+02
    0.12088E+01    0.43716E+02
    0.12333E+01    0.41717E+02
    0.12582E+01    0.39806E+02
    0.12836E+01    0.37980E+02
    0.13095E+01    0.36235E+02
    0.13360E+01    0.34567E+02
    0.13630E+01    0.32974E+02
    0.13905E+01    0.31451E+02
    0.14186E+01    0.29997E+02
    0.14472E+01    0.28608E+02
    0.14765E+01    0.27281E+02
    0.15063E+01    0.26014E+02
    0.15367E+01    0.24803E+02
    0.15678E+01    0.23647E+02
    0.15994E+01    0.22543E+02
    0.16318E+01    0.21489E+02
    0.16647E+01    0.20483E+02
    0.16984E+01    0.19522E+02
    0.17327E+01    0.18605E+02
    0.17677E+01    0.17730E+02
    0.18034E+01    0.16894E+02
    0.18398E+01    0.16096E+02
    0.18770E+01    0.15335E+02
    0.19149E+01    0.14609E+02
    0.19536E+01    0.13917E+02
    0.19930E+01    0.13256E+02
    0.20333E+01    0.12626E+02
    0.20744E+01    0.12026E+02
    0.21163E+01    0.11453E+02
    0.21590E+01    0.10907E+02
    0.22026E+01    0.10387E+02
    0.22471E+01    0.98917E+01
    0.22925E+01    0.94196E+01
    0.23388E+01    0.89697E+01
    0.23861E+01    0.85412E+01
    0.24343E+01    0.81331E+01
    0.24835E+01    0.77444E+01
