8.899641653093008295e-03 3.415464547964242925e+00
1.539332528288165670e-02 4.014677683512369200e+00
2.155046762996598239e-02 3.867491471140008130e+00
2.783660762585126597e-02 3.400646242321047286e+00
3.439928854529101382e-02 2.870993394118089181e+00
4.083988908678293228e-02 2.428426027297973633e+00
4.696089820801348236e-02 2.126310044440670399e+00
5.319831544433587661e-02 1.925082070486886066e+00
5.953007160048735813e-02 1.781271308765076888e+00
6.593106050382960270e-02 1.655309119591346079e+00
7.211112823241795644e-02 1.527248284755609031e+00
7.840743265709380905e-02 1.373183334740299522e+00
8.486374147573563786e-02 1.202865222699615710e+00
9.105720993371453631e-02 1.062557004990801524e+00
9.723119438183111529e-02 9.391804879610655687e-01
1.035474523099094157e-01 8.468670932550694808e-01
1.098380096325790867e-01 7.818026478823377756e-01
1.160878800454857029e-01 7.382030649464876859e-01
1.223769048302436324e-01 7.059254604664760846e-01
1.287591547856025143e-01 6.691860610266533449e-01
1.350589943281513827e-01 6.270458881542865237e-01
1.412290290659165837e-01 5.797978659007939628e-01
1.475161690700088069e-01 5.305732922676281715e-01
1.537996369822966225e-01 4.805786925906030405e-01
1.601026478659483554e-01 4.401918121214042912e-01
1.664508001660549019e-01 4.104353634766964021e-01
1.727583237560037233e-01 3.869640752842375409e-01
1.790245845132147351e-01 3.712387023383902918e-01
1.852702546080971790e-01 3.569067655939868189e-01
1.914887492119529966e-01 3.437142400724757518e-01
1.977904085892937536e-01 3.268139013411743843e-01
2.041115446406587541e-01 3.080567999518610822e-01
2.104256850836569714e-01 2.875426603618420618e-01
2.167058561960866769e-01 2.681159360610494979e-01
2.229761248051159717e-01 2.517211084279408762e-01
2.292828550697881274e-01 2.374488901596815971e-01
2.355310205895554676e-01 2.265512465776192419e-01
2.418144967727207939e-01 2.179532647323812189e-01
2.481043196360692704e-01 2.103374946484255215e-01
2.543667409246888611e-01 2.031735374246657344e-01
2.606678092543103231e-01 1.954549862532665438e-01
2.669430136113040697e-01 1.854881048308601177e-01
2.732519464783976226e-01 1.768058268903905106e-01
2.795627339315375770e-01 1.684838098706114007e-01
2.858373502475139438e-01 1.601691715617318545e-01
2.920953075698756729e-01 1.529119579158759179e-01
2.983525092968341563e-01 1.466334556657933608e-01
3.046702740008471189e-01 1.414283761686666863e-01
3.109590627528140416e-01 1.367477791581200586e-01
3.172239916515500191e-01 1.320132978071036078e-01
3.235299724572279767e-01 1.276581856647030777e-01
3.298388395071043533e-01 1.232223515167333722e-01
3.361383844359337458e-01 1.181870623291595424e-01
3.423877713306480719e-01 1.138287655867242787e-01
3.486623155692267217e-01 1.098444300435227894e-01
3.549448882949312045e-01 1.054206622522530917e-01
3.611996781549324798e-01 1.016783605461194367e-01
3.674875026172954029e-01 9.827297938075064965e-02
3.737698636248200090e-01 9.536817038114792089e-02
3.800714314497639634e-01 9.223259315745530040e-02
3.863585763589229560e-01 8.980250905255839078e-02
3.926354401118986037e-01 8.675582173226001337e-02
3.989457585494922132e-01 8.395567614502325027e-02
4.052156663313305485e-01 8.115324663973273733e-02
4.115034152883392804e-01 7.876604525930948342e-02
4.177905076349040514e-01 7.608921524731412922e-02
4.240487051047501788e-01 7.380346433080808843e-02
4.303463415118498614e-01 7.137270579339202725e-02
4.366358695421740932e-01 6.971061250556911948e-02
4.429029287921816826e-01 6.757115044978399820e-02
4.491680252572889942e-01 6.602249474463772749e-02
4.554486850820457788e-01 6.411056513933892365e-02
4.617725565885423267e-01 6.218140956751576354e-02
4.680757412093953795e-01 6.049453646691527187e-02
4.743564916629640638e-01 5.889003177249548665e-02
4.806425428564732871e-01 5.713947089280835279e-02
4.869129233098823395e-01 5.558816231683463838e-02
4.931745196394184405e-01 5.419899714358191595e-02
4.994506890543656263e-01 5.286950459834598159e-02
5.057241638978529075e-01 5.142485415346934041e-02
5.120042719980517631e-01 5.010696686599147576e-02
5.183192340646139984e-01 4.874170785027025915e-02
5.246161892892522438e-01 4.781927778031983683e-02
5.308869673046785476e-01 4.634665366624216021e-02
5.371637224096752483e-01 4.523901119511673091e-02
5.434652729571635144e-01 4.431962130220186424e-02
5.497524178004593587e-01 4.329058578746237257e-02
5.559970921381958142e-01 4.213299706212805806e-02
5.622866379023159222e-01 4.119736572533785196e-02
5.686033203527380842e-01 4.008106289103517683e-02
5.748823709563090079e-01 3.912124882493041994e-02
5.811585199734176088e-01 3.838530289216005031e-02
5.874446517276211699e-01 3.753891411004171841e-02
5.937246335834056588e-01 3.665935495186216364e-02
6.000023445208265693e-01 3.583491715691832641e-02
6.062700655927123483e-01 3.499973888568470859e-02
6.125564878198721530e-01 3.438951341950582941e-02
6.188675697062213654e-01 3.369969304927593334e-02
6.251436203714340056e-01 3.288646230942478960e-02
6.314092032308914471e-01 3.220421002318597792e-02
6.377070744462735030e-01 3.149326602642948253e-02
6.439915699782213787e-01 3.086718554031301839e-02
6.502746657481665027e-01 3.015381398284840142e-02
6.565654463687421449e-01 2.968491694583776791e-02
6.628457378217490481e-01 2.902051228221322332e-02
6.691273712706959920e-01 2.832263967556728629e-02
6.754135024521100705e-01 2.781539807794634889e-02
6.816942288653291548e-01 2.721587448772060450e-02
6.879707219643064198e-01 2.673573803109097202e-02
6.942401964891569133e-01 2.620038729554691886e-02
7.005213539313046578e-01 2.571381004919478033e-02
7.068163049835881617e-01 2.517550103818078783e-02
7.131046379544038194e-01 2.472557085377908442e-02
7.193979933183044517e-01 2.423746318191138602e-02
7.256912769458278012e-01 2.382254564125119156e-02
7.319732112087881104e-01 2.345211521134583921e-02
7.382575498732680819e-01 2.285224605999395045e-02
7.445309219837563663e-01 2.242607019183710804e-02
7.507908721544984676e-01 2.202178621405546585e-02
7.570762748651901353e-01 2.168768918766561180e-02
7.633652442780797243e-01 2.123073708204130036e-02
7.696523768503739094e-01 2.085871589313769217e-02
7.759443911184177312e-01 2.048948063257306079e-02
7.822388793759307291e-01 2.009496410256245494e-02
7.885422505712965657e-01 1.984117638905293773e-02
7.947958170677573708e-01 1.940176619164616159e-02
8.010501857211035359e-01 1.908312731283597075e-02
8.073371699120777123e-01 1.871972496793509327e-02
8.136256953004623593e-01 1.840216710954779844e-02
8.199185768310989220e-01 1.807789968301340075e-02
8.261975950269245805e-01 1.774962924605985939e-02
8.324916626456120294e-01 1.749501632794341760e-02
8.387980487119468531e-01 1.704454263568151023e-02
8.450681625339854230e-01 1.689449268118088307e-02
8.513326310877129544e-01 1.651410335182870032e-02
8.576229699198910650e-01 1.629518554446120551e-02
8.639079722665760075e-01 1.597389667169211644e-02
8.701845317394016899e-01 1.573645268732801195e-02
8.764647451447489246e-01 1.542072940890280679e-02
8.827524554796379874e-01 1.518634348228662181e-02
8.890360933084631156e-01 1.496983707753508745e-02
8.953122302139767674e-01 1.470970876070314647e-02
9.015989135410911182e-01 1.440694256256500744e-02
9.078856597069530077e-01 1.422393496840252888e-02
9.141777176955673267e-01 1.396786275692955999e-02
9.204705311210197305e-01 1.369302744708687097e-02
9.267502199878263625e-01 1.348932902055379954e-02
9.330346272813238029e-01 1.325953452596580207e-02
9.393297286529698198e-01 1.309550984231458264e-02
9.456020466528652912e-01 1.285447102679265936e-02
9.518687891863797379e-01 1.261568490870353283e-02
9.581418737840891042e-01 1.244371382565120400e-02
9.644369887048810375e-01 1.226351602558731907e-02
9.707375181351720617e-01 1.197197965655061487e-02
9.770097663529486720e-01 1.183914919552316210e-02
9.832835755838400527e-01 1.163203792454267811e-02
9.895569992810110405e-01 1.145368498220064764e-02
9.958480710782616763e-01 1.122755818137958876e-02
1.002138575493429995e+00 1.107071447046725256e-02
1.008406592376542843e+00 1.089943696520784440e-02
1.014697842972237973e+00 1.075449807677200838e-02
1.020995892874764666e+00 1.052433010791173351e-02
1.027276368069287793e+00 1.036957337997094185e-02
1.033563189136701643e+00 1.022427030592439404e-02
1.039851148620366539e+00 1.006618803211034585e-02
1.046127943161246687e+00 9.898902415133499846e-03
1.052404895272092133e+00 9.721288685510734787e-03
1.058683000430492127e+00 9.566964529274491272e-03
1.064967127327474117e+00 9.374891068760823204e-03
1.071258688161570438e+00 9.252464331521246393e-03
1.077544330604543799e+00 9.116681432639961793e-03
1.083828423436568711e+00 8.938623244289073053e-03
1.090113342297217791e+00 8.801691354365110548e-03
1.096393171946581147e+00 8.652018912551831878e-03
1.102683425690332397e+00 8.529066599630309026e-03
1.108964675464843452e+00 8.382822645428210720e-03
1.115226705913353378e+00 8.253827321857637803e-03
1.121503167812783808e+00 8.134882291705678239e-03
1.127793382225193985e+00 7.981524133340229740e-03
1.134092036465484288e+00 7.848671451269120802e-03
1.140366923395659482e+00 7.755854049079438824e-03
1.146641931784804447e+00 7.609306454996840260e-03
1.152944617322677390e+00 7.486999282115272374e-03
1.159230356871362666e+00 7.365068521949996033e-03
1.165510994903905084e+00 7.237226035749746295e-03
1.171794297100004156e+00 7.134236411547193422e-03
1.178088255559602393e+00 7.009174163760527668e-03
1.184371772446566995e+00 6.916589792603329220e-03
1.190639487122887363e+00 6.791545103879989206e-03
1.196916336380001056e+00 6.682944306609490959e-03
1.203204375371396573e+00 6.565991745258207765e-03
1.209488225901738323e+00 6.494062507927670508e-03
1.215765679709200020e+00 6.357180052863101519e-03
1.222058041744503942e+00 6.274273602503533526e-03
1.228350115998196657e+00 6.154484809018753895e-03
1.234637679107109420e+00 6.067872889308229684e-03
1.240908145406735441e+00 5.962766721980371741e-03
1.247180835746598104e+00 5.881902106012779768e-03
1.253468531500335770e+00 5.762375544353346389e-03
1.259751636995439350e+00 5.675891205674882256e-03
1.266035077425267108e+00 5.576882841157322634e-03
1.272321570618527797e+00 5.485930986673338491e-03
1.278608208280544778e+00 5.423058619242888435e-03
1.284887298154571367e+00 5.304444548939523350e-03
1.291176964274221017e+00 5.240693301173333929e-03
1.297469848393144831e+00 5.146089370153515002e-03
1.303745183221867832e+00 5.055882776061585912e-03
1.310019952103037566e+00 4.977940935357823456e-03
1.316304889985511428e+00 4.903574651844110760e-03
1.322589692250816240e+00 4.826015783524097505e-03
1.328868076233011619e+00 4.749461643482488608e-03
1.335146302472670188e+00 4.663119253703811723e-03
1.341442338921303268e+00 4.591156305729115518e-03
1.347732504022160827e+00 4.506825210922805157e-03
1.354002360904259961e+00 4.436294008641684938e-03
1.360285090555885645e+00 4.374574602640977049e-03
1.366569991348876023e+00 4.304440467547737161e-03
1.372854357884312648e+00 4.231501179563056624e-03
1.379136732473180915e+00 4.157347057649091703e-03
1.385410660878153122e+00 4.097268580656607262e-03
1.391699780091347760e+00 4.030492383523876822e-03
1.397986514487977949e+00 3.968382699573459391e-03
1.404269431125305445e+00 3.901888362940786857e-03
1.410558481592738334e+00 3.838866209184556202e-03
1.416841921169897933e+00 3.778020153570826184e-03
1.423120638450376285e+00 3.724998687839337769e-03
1.429399525711986918e+00 3.662534820627329386e-03
1.435687195920436032e+00 3.593458209080597782e-03
1.441978909597384506e+00 3.537573437598845634e-03
1.448256353182435952e+00 3.488873787272677579e-03
1.454533979889224504e+00 3.430875230633716449e-03
1.460823291195719742e+00 3.385422652618203312e-03
1.467115297699349785e+00 3.332566850840680377e-03
1.473396431849603117e+00 3.264214455666005887e-03
1.479672187129404293e+00 3.217355262580952075e-03
1.485957336950811003e+00 3.176786238743129886e-03
1.492235428844137068e+00 3.123678872870905288e-03
1.498505563158792242e+00 3.072114571352911085e-03
1.504788033368229971e+00 3.029278526271639380e-03
1.511077562324459223e+00 2.978715486707533919e-03
1.517363063341846008e+00 2.934073791608698013e-03
1.523653270341324806e+00 2.898633035272059864e-03
1.529942912799504340e+00 2.851742554079363980e-03
1.536231829420274808e+00 2.806537930355685294e-03
1.542513327069792606e+00 2.762822671123532029e-03
1.548785556440221534e+00 2.720768935043201431e-03
1.555073465503286512e+00 2.696181889104925719e-03
1.561358245907146003e+00 2.640712096434279753e-03
1.567631451431686029e+00 2.611008666445447171e-03
1.573918013544226335e+00 2.571318546528024180e-03
1.580207648268701970e+00 2.534666481382199816e-03
1.586489494063065386e+00 2.496308052937334671e-03
1.592763080732128689e+00 2.463232758756126167e-03
1.599049662621118140e+00 2.432582392217444260e-03
