8.899641653093008295e-03 3.409905360295222732e+00
1.539332528288165670e-02 4.019150627983941071e+00
2.155046762996598239e-02 3.865744339792351880e+00
2.783660762585126597e-02 3.389263968182425479e+00
3.439928854529101382e-02 2.868024679330679394e+00
4.083988908678293228e-02 2.427789211273193359e+00
4.696089820801348236e-02 2.124021314538043548e+00
5.319831544433587661e-02 1.924509048461914062e+00
5.953007160048735813e-02 1.782039173862390413e+00
6.593106050382960270e-02 1.654851910784527869e+00
7.211112823241795644e-02 1.527689459385016102e+00
7.840743265709380905e-02 1.371887566766944788e+00
8.486374147573563786e-02 1.202127588599487540e+00
9.105720993371453631e-02 1.062677327279733630e+00
9.723119438183111529e-02 9.392558113473360448e-01
1.035474523099094157e-01 8.410307735716399113e-01
1.098380096325790867e-01 7.564142229137165163e-01
1.160878800454857029e-01 6.841020683353535858e-01
1.223769048302436324e-01 6.247739288266632718e-01
1.287591547856025143e-01 5.703337571496387426e-01
1.350589943281513827e-01 5.251274604301947591e-01
1.412290290659165837e-01 4.855561559283235185e-01
1.475161690700088069e-01 4.514164677372685119e-01
1.537996369822966225e-01 4.178417228529371918e-01
1.601026478659483554e-01 3.897208520921610075e-01
1.664508001660549019e-01 3.654070918026759429e-01
1.727583237560037233e-01 3.410482963894409525e-01
1.790245845132147351e-01 3.209824335007440133e-01
1.852702546080971790e-01 3.017598169024607313e-01
1.914887492119529966e-01 2.855866393504740142e-01
1.977904085892937536e-01 2.696745898498707494e-01
2.041115446406587541e-01 2.554896811032117965e-01
2.104256850836569714e-01 2.418039679276315634e-01
2.167058561960866769e-01 2.294488180312626857e-01
2.229761248051159717e-01 2.186577865124229025e-01
2.292828550697881274e-01 2.078831632372359073e-01
2.355310205895554676e-01 1.983885378391999355e-01
2.418144967727207939e-01 1.895400015224572854e-01
2.481043196360692704e-01 1.813466503337146096e-01
2.543667409246888611e-01 1.738913046669127160e-01
2.606678092543103231e-01 1.669300890135017312e-01
2.669430136113040697e-01 1.590175209408649926e-01
2.732519464783976226e-01 1.529262281158019487e-01
2.795627339315375770e-01 1.475077163413034687e-01
2.858373502475139438e-01 1.417689614260063125e-01
2.920953075698756729e-01 1.364668874306950719e-01
2.983525092968341563e-01 1.313097078197531242e-01
3.046702740008471189e-01 1.267370570953110231e-01
3.109590627528140416e-01 1.223127361758888365e-01
3.172239916515500191e-01 1.179751122203689107e-01
3.235299724572279767e-01 1.141143215252390236e-01
3.298388395071043533e-01 1.105657324949430170e-01
3.361383844359337458e-01 1.066624087772309326e-01
3.423877713306480719e-01 1.035590041507893355e-01
3.486623155692267217e-01 1.007039325516833062e-01
3.549448882949312045e-01 9.734302384191267921e-02
3.611996781549324798e-01 9.439706119854629485e-02
3.674875026172954029e-01 9.154674035466178750e-02
3.737698636248200090e-01 8.905723851048878703e-02
3.800714314497639634e-01 8.628702457545518734e-02
3.863585763589229560e-01 8.423499147625117256e-02
3.926354401118986037e-01 8.170162732827908336e-02
3.989457585494922132e-01 7.944508531345255420e-02
4.052156663313305485e-01 7.722773435982538404e-02
4.115034152883392804e-01 7.538261360627146468e-02
4.177905076349040514e-01 7.325046149097566572e-02
4.240487051047501788e-01 7.139892152941049175e-02
4.303463415118498614e-01 6.933932386815352955e-02
4.366358695421740932e-01 6.797760967562951895e-02
4.429029287921816826e-01 6.612081414064256701e-02
4.491680252572889942e-01 6.481882486389270448e-02
4.554486850820457788e-01 6.316057405858215013e-02
4.617725565885423267e-01 6.152571375375773949e-02
4.680757412093953795e-01 6.014297340231404554e-02
4.743564916629640638e-01 5.883116972864922689e-02
4.806425428564732871e-01 5.735752005147862209e-02
4.869129233098823395e-01 5.606686053739557557e-02
4.931745196394184405e-01 5.491564064161415237e-02
4.994506890543656263e-01 5.379695704297042524e-02
5.057241638978529075e-01 5.257006101395483855e-02
5.120042719980517631e-01 5.144356167396925417e-02
5.183192340646139984e-01 5.026657011748654480e-02
5.246161892892522438e-01 4.951197457009711561e-02
5.308869673046785476e-01 4.819838869374160062e-02
5.371637224096752483e-01 4.722667321321154243e-02
5.434652729571635144e-01 4.646115471697737087e-02
5.497524178004593587e-01 4.556022936293210868e-02
5.559970921381958142e-01 4.452739305772913242e-02
5.622866379023159222e-01 4.371074902175192678e-02
5.686033203527380842e-01 4.267718268725936154e-02
5.748823709563090079e-01 4.181718832656985269e-02
5.811585199734176088e-01 4.118504442936801041e-02
5.874446517276211699e-01 4.043141070952747246e-02
5.937246335834056588e-01 3.962951253886940611e-02
6.000023445208265693e-01 3.888870216366701466e-02
6.062700655927123483e-01 3.811838991924387104e-02
6.125564878198721530e-01 3.758091905246628561e-02
6.188675697062213654e-01 3.694099139811038435e-02
6.251436203714340056e-01 3.619888339130636346e-02
6.314092032308914471e-01 3.557165874474996908e-02
6.377070744462735030e-01 3.490436185804915437e-02
6.439915699782213787e-01 3.431968263878859560e-02
6.502746657481665027e-01 3.363763100500363062e-02
6.565654463687421449e-01 3.322338075824572690e-02
6.628457378217490481e-01 3.258510683173317796e-02
6.691273712706959920e-01 3.192119450365889233e-02
6.754135024521100705e-01 3.143604250637493241e-02
6.816942288653291548e-01 3.086483703689687358e-02
6.879707219643064198e-01 3.041328388325292495e-02
6.942401964891569133e-01 2.988132760502985874e-02
7.005213539313046578e-01 2.942622098540435827e-02
7.068163049835881617e-01 2.890497541472087512e-02
7.131046379544038194e-01 2.847065575344197991e-02
7.193979933183044517e-01 2.799960249894825615e-02
7.256912769458278012e-01 2.759656250931834254e-02
7.319732112087881104e-01 2.724399420077579931e-02
7.382575498732680819e-01 2.662659429819823689e-02
7.445309219837563663e-01 2.621065696099520934e-02
7.507908721544984676e-01 2.580790181600335978e-02
7.570762748651901353e-01 2.549068017911205672e-02
7.633652442780797243e-01 2.501647949875910812e-02
7.696523768503739094e-01 2.464984507360434493e-02
7.759443911184177312e-01 2.427684698113979911e-02
7.822388793759307291e-01 2.387181150228763135e-02
7.885422505712965657e-01 2.363010607082005610e-02
7.947958170677573708e-01 2.317254200288302798e-02
8.010501857211035359e-01 2.284803455816715803e-02
8.073371699120777123e-01 2.247566363715688964e-02
8.136256953004623593e-01 2.215337671264438341e-02
8.199185768310989220e-01 2.181627929669219951e-02
8.261975950269245805e-01 2.148389655275027843e-02
8.324916626456120294e-01 2.121931396566069730e-02
8.387980487119468531e-01 2.073412721134156728e-02
8.450681625339854230e-01 2.059460534373502155e-02
8.513326310877129544e-01 2.018383914848248528e-02
8.576229699198910650e-01 1.995834159017105883e-02
8.639079722665760075e-01 1.962649906435388891e-02
8.701845317394016899e-01 1.937080588628998026e-02
8.764647451447489246e-01 1.903214262094889142e-02
8.827524554796379874e-01 1.877758657111551488e-02
8.890360933084631156e-01 1.855209371625162265e-02
8.953122302139767674e-01 1.827852670514731881e-02
9.015989135410911182e-01 1.794235896086947973e-02
9.078856597069530077e-01 1.775046625807262871e-02
9.141777176955673267e-01 1.747849303076526653e-02
9.204705311210197305e-01 1.716883250671587952e-02
9.267502199878263625e-01 1.694662340439178488e-02
9.330346272813238029e-01 1.669960804069204816e-02
9.393297286529698198e-01 1.652724911768879007e-02
9.456020466528652912e-01 1.625871794898711351e-02
9.518687891863797379e-01 1.598907276727848728e-02
9.581418737840891042e-01 1.580344974391475338e-02
9.644369887048810375e-01 1.560655629220567171e-02
9.707375181351720617e-01 1.526830324986295888e-02
9.770097663529486720e-01 1.512862440273845220e-02
9.832835755838400527e-01 1.489391984559269334e-02
9.895569992810110405e-01 1.469081407425731380e-02
9.958480710782616763e-01 1.443564739414484807e-02
1.002138575493429995e+00 1.426325503485374388e-02
1.008406592376542843e+00 1.407450272662126578e-02
1.014697842972237973e+00 1.390495989839807961e-02
1.020995892874764666e+00 1.363894430831536463e-02
1.027276368069287793e+00 1.346389095411018588e-02
1.033563189136701643e+00 1.330536313905364247e-02
1.039851148620366539e+00 1.311715512813856239e-02
1.046127943161246687e+00 1.292366152225527497e-02
1.052404895272092133e+00 1.271681664206176024e-02
1.058683000430492127e+00 1.253834973284431026e-02
1.064967127327474117e+00 1.231059402377961652e-02
1.071258688161570438e+00 1.217283735295286197e-02
1.077544330604543799e+00 1.200964977507460417e-02
1.083828423436568711e+00 1.180235068142741761e-02
1.090113342297217791e+00 1.163729098244761090e-02
1.096393171946581147e+00 1.146052093084321682e-02
1.102683425690332397e+00 1.131667523469310002e-02
1.108964675464843452e+00 1.114445147731842403e-02
1.115226705913353378e+00 1.099091584802645502e-02
1.121503167812783808e+00 1.084834079220033456e-02
1.127793382225193985e+00 1.066808729877593599e-02
1.134092036465484288e+00 1.050698494825605921e-02
1.140366923395659482e+00 1.039693493650744628e-02
1.146641931784804447e+00 1.021647783678957325e-02
1.152944617322677390e+00 1.006707741171308963e-02
1.159230356871362666e+00 9.924165379984693433e-03
1.165510994903905084e+00 9.764760236633533014e-03
1.171794297100004156e+00 9.642327034763795157e-03
1.178088255559602393e+00 9.489487478914314031e-03
1.184371772446566995e+00 9.372497686515449122e-03
1.190639487122887363e+00 9.222798857014543467e-03
1.196916336380001056e+00 9.087817941420767501e-03
1.203204375371396573e+00 8.943735226575077676e-03
1.209488225901738323e+00 8.858246184057973899e-03
1.215765679709200020e+00 8.682101674101940295e-03
1.222058041744503942e+00 8.585036141096354101e-03
1.228350115998196657e+00 8.433511681146954250e-03
1.234637679107109420e+00 8.324621658789855064e-03
1.240908145406735441e+00 8.193716602668134341e-03
1.247180835746598104e+00 8.093175178274561107e-03
1.253468531500335770e+00 7.939574134502235328e-03
1.259751636995439350e+00 7.831398389878842584e-03
1.266035077425267108e+00 7.703638683275231165e-03
1.272321570618527797e+00 7.590527364626046061e-03
1.278608208280544778e+00 7.514307677817312278e-03
1.284887298154571367e+00 7.357491102990349613e-03
1.291176964274221017e+00 7.282282272944582031e-03
1.297469848393144831e+00 7.157854297857394951e-03
1.303745183221867832e+00 7.042108199492716665e-03
1.310019952103037566e+00 6.940494786893547027e-03
1.316304889985511428e+00 6.847684815255052418e-03
1.322589692250816240e+00 6.749518435664546463e-03
1.328868076233011619e+00 6.649549173373560558e-03
1.335146302472670188e+00 6.537661917783583673e-03
1.341442338921303268e+00 6.442322624783272320e-03
1.347732504022160827e+00 6.333148257795093682e-03
1.354002360904259961e+00 6.241494024485203136e-03
1.360285090555885645e+00 6.162068206445246027e-03
1.366569991348876023e+00 6.068506091642354716e-03
1.372854357884312648e+00 5.976144016841574216e-03
1.379136732473180915e+00 5.877736003854810293e-03
1.385410660878153122e+00 5.796588479722788491e-03
1.391699780091347760e+00 5.706257825146702004e-03
1.397986514487977949e+00 5.627720084424092835e-03
1.404269431125305445e+00 5.539324883163263859e-03
1.410558481592738334e+00 5.455010917506565235e-03
1.416841921169897933e+00 5.376609750533589346e-03
1.423120638450376285e+00 5.306723848090758380e-03
1.429399525711986918e+00 5.223761105329311621e-03
1.435687195920436032e+00 5.130276108997379285e-03
1.441978909597384506e+00 5.055543773835918971e-03
1.448256353182435952e+00 4.990145826777034506e-03
1.454533979889224504e+00 4.912939564886341544e-03
1.460823291195719742e+00 4.850587848215730247e-03
1.467115297699349785e+00 4.777934497732075347e-03
1.473396431849603117e+00 4.685217569468813452e-03
1.479672187129404293e+00 4.624335159742566648e-03
1.485957336950811003e+00 4.568762203800047668e-03
1.492235428844137068e+00 4.496929463067676422e-03
1.498505563158792242e+00 4.428858011073857903e-03
1.504788033368229971e+00 4.370678038227347739e-03
1.511077562324459223e+00 4.300882724872880265e-03
1.517363063341846008e+00 4.236437457268836526e-03
1.523653270341324806e+00 4.190547334374992300e-03
1.529942912799504340e+00 4.127363810736059228e-03
1.536231829420274808e+00 4.064489871027907909e-03
1.542513327069792606e+00 4.004291547229261138e-03
1.548785556440221534e+00 3.945496440557342936e-03
1.555073465503286512e+00 3.911474156490513977e-03
1.561358245907146003e+00 3.834357951884615444e-03
1.567631451431686029e+00 3.794379061934708731e-03
1.573918013544226335e+00 3.737359558489181978e-03
1.580207648268701970e+00 3.686177244054141596e-03
1.586489494063065386e+00 3.634833518248080809e-03
1.592763080732128689e+00 3.589992084372431967e-03
1.599049662621118140e+00 3.545024414421029529e-03
