8.899641653093008295e-03 3.409900371844952094e+00
1.539332528288165670e-02 4.019067552354600892e+00
2.155046762996598239e-02 3.865736710397820630e+00
2.783660762585126597e-02 3.389313004974626509e+00
3.439928854529101382e-02 2.867953960712139594e+00
4.083988908678293228e-02 2.427779912948608398e+00
4.696089820801348236e-02 2.123996900475543459e+00
5.319831544433587661e-02 1.924520628792898869e+00
5.953007160048735813e-02 1.782040565892269779e+00
6.593106050382960270e-02 1.654833813647290208e+00
7.211112823241795644e-02 1.527603384164663458e+00
7.840743265709380905e-02 1.371857229056667293e+00
8.486374147573563786e-02 1.202095064314688377e+00
9.105720993371453631e-02 1.062599054668854404e+00
9.723119438183111529e-02 9.392116258965164111e-01
1.035474523099094157e-01 8.466831566385434327e-01
1.098380096325790867e-01 7.818835461790357710e-01
1.160878800454857029e-01 7.378947132583372204e-01
1.223769048302436324e-01 7.057767935453482799e-01
1.287591547856025143e-01 6.688119351930112977e-01
1.350589943281513827e-01 6.274364360301859511e-01
1.412290290659165837e-01 5.800280188966246975e-01
1.475161690700088069e-01 5.308073125333867548e-01
1.537996369822966225e-01 4.807274306730509039e-01
1.601026478659483554e-01 4.403361167734691772e-01
1.664508001660549019e-01 4.107873231165752870e-01
1.727583237560037233e-01 3.871441938993779863e-01
1.790245845132147351e-01 3.715260946721776203e-01
1.852702546080971790e-01 3.571015010022893232e-01
1.914887492119529966e-01 3.438982497657628312e-01
1.977904085892937536e-01 3.270335590454598873e-01
2.041115446406587541e-01 3.082503079825277270e-01
2.104256850836569714e-01 2.876894873903508287e-01
2.167058561960866769e-01 2.683200674040278066e-01
2.229761248051159717e-01 2.519543235755759003e-01
2.292828550697881274e-01 2.375832724098830284e-01
2.355310205895554676e-01 2.267161524978911491e-01
2.418144967727207939e-01 2.180463718591497679e-01
2.481043196360692704e-01 2.105456669020294436e-01
2.543667409246888611e-01 2.033808877778523483e-01
2.606678092543103231e-01 1.956489600764487469e-01
2.669430136113040697e-01 1.856310217153711029e-01
2.732519464783976226e-01 1.769293242747802808e-01
2.795627339315375770e-01 1.686872209821428659e-01
2.858373502475139438e-01 1.603268746279190582e-01
2.920953075698756729e-01 1.530854382081658638e-01
2.983525092968341563e-01 1.467538088547527819e-01
3.046702740008471189e-01 1.415665702157247186e-01
3.109590627528140416e-01 1.368282531988669615e-01
3.172239916515500191e-01 1.321572372939560369e-01
3.235299724572279767e-01 1.278045746440411856e-01
3.298388395071043533e-01 1.233779467367032145e-01
3.361383844359337458e-01 1.183152600873529775e-01
3.423877713306480719e-01 1.139947998179776795e-01
3.486623155692267217e-01 1.099874266953085045e-01
3.549448882949312045e-01 1.055649500112968708e-01
3.611996781549324798e-01 1.018474763320539184e-01
3.674875026172954029e-01 9.842784183841547796e-02
3.737698636248200090e-01 9.553424477399213854e-02
3.800714314497639634e-01 9.240189765810170874e-02
3.863585763589229560e-01 8.999334526239530230e-02
3.926354401118986037e-01 8.695071045299894441e-02
3.989457585494922132e-01 8.416822703969478736e-02
4.052156663313305485e-01 8.136131909610268276e-02
4.115034152883392804e-01 7.894417035918438463e-02
4.177905076349040514e-01 7.625079408938147119e-02
4.240487051047501788e-01 7.394195524751828730e-02
4.303463415118498614e-01 7.149584570266247219e-02
4.366358695421740932e-01 6.983140575496683822e-02
4.429029287921816826e-01 6.766987162436161052e-02
4.491680252572889942e-01 6.612049120184497475e-02
4.554486850820457788e-01 6.420693643868102818e-02
4.617725565885423267e-01 6.226168828649177034e-02
4.680757412093953795e-01 6.057188683404156337e-02
4.743564916629640638e-01 5.896532342687664519e-02
4.806425428564732871e-01 5.721014861998018758e-02
4.869129233098823395e-01 5.564882030317597206e-02
4.931745196394184405e-01 5.426097096130281378e-02
4.994506890543656263e-01 5.294241868783250426e-02
5.057241638978529075e-01 5.151309529255024972e-02
5.120042719980517631e-01 5.021134887864830282e-02
5.183192340646139984e-01 4.886021567835684143e-02
5.246161892892522438e-01 4.794318295967363308e-02
5.308869673046785476e-01 4.646174853231359314e-02
5.371637224096752483e-01 4.533846785785897171e-02
5.434652729571635144e-01 4.440267699050343131e-02
5.497524178004593587e-01 4.335191873799699308e-02
5.559970921381958142e-01 4.217721716668296900e-02
5.622866379023159222e-01 4.123017703010994212e-02
5.686033203527380842e-01 4.010425401912456195e-02
5.748823709563090079e-01 3.913719845838019296e-02
5.811585199734176088e-01 3.839175938382145131e-02
5.874446517276211699e-01 3.753459051773220395e-02
5.937246335834056588e-01 3.664372284160465065e-02
6.000023445208265693e-01 3.580424945568982942e-02
6.062700655927123483e-01 3.495217517883097286e-02
6.125564878198721530e-01 3.432377029215718384e-02
6.188675697062213654e-01 3.361932469432909326e-02
6.251436203714340056e-01 3.278744062321091446e-02
6.314092032308914471e-01 3.209094809380575591e-02
6.377070744462735030e-01 3.136667445222052208e-02
6.439915699782213787e-01 3.072815725466619338e-02
6.502746657481665027e-01 3.000307475190182316e-02
6.565654463687421449e-01 2.951982005652986976e-02
6.628457378217490481e-01 2.884342259350640078e-02
6.691273712706959920e-01 2.813329236497493988e-02
6.754135024521100705e-01 2.761241614431243427e-02
6.816942288653291548e-01 2.700044261035640034e-02
6.879707219643064198e-01 2.650699515894521310e-02
6.942401964891569133e-01 2.595953983618680058e-02
7.005213539313046578e-01 2.545993699028413146e-02
7.068163049835881617e-01 2.491023374675439134e-02
7.131046379544038194e-01 2.444855356031714819e-02
7.193979933183044517e-01 2.394784526575798045e-02
7.256912769458278012e-01 2.352186450521454378e-02
7.319732112087881104e-01 2.313850471307268147e-02
7.382575498732680819e-01 2.252885889026313634e-02
7.445309219837563663e-01 2.209229101933736505e-02
7.507908721544984676e-01 2.167816276287427846e-02
7.570762748651901353e-01 2.133313607260563585e-02
7.633652442780797243e-01 2.086740976767323744e-02
7.696523768503739094e-01 2.048426611985884258e-02
7.759443911184177312e-01 2.010657621053626651e-02
7.822388793759307291e-01 1.970293103267159104e-02
7.885422505712965657e-01 1.943826619334031169e-02
7.947958170677573708e-01 1.899247154202447080e-02
8.010501857211035359e-01 1.866618732515585091e-02
8.073371699120777123e-01 1.829500458479869918e-02
8.136256953004623593e-01 1.797044754280724757e-02
8.199185768310989220e-01 1.763922527808715196e-02
8.261975950269245805e-01 1.730369282389144711e-02
8.324916626456120294e-01 1.704207566600515061e-02
8.387980487119468531e-01 1.658821529563767050e-02
8.450681625339854230e-01 1.642956073425878849e-02
8.513326310877129544e-01 1.604605986606756282e-02
8.576229699198910650e-01 1.582050997326116260e-02
8.639079722665760075e-01 1.549422413893131872e-02
8.701845317394016899e-01 1.525069987694158136e-02
8.764647451447489246e-01 1.493214276033079553e-02
8.827524554796379874e-01 1.469389195490870999e-02
8.890360933084631156e-01 1.447180043757073480e-02
8.953122302139767674e-01 1.420754954956059482e-02
9.015989135410911182e-01 1.390318784942262340e-02
9.078856597069530077e-01 1.371489076862487250e-02
9.141777176955673267e-01 1.345637646936916239e-02
9.204705311210197305e-01 1.318095219214856020e-02
9.267502199878263625e-01 1.297378392365092920e-02
9.330346272813238029e-01 1.274098715882338029e-02
9.393297286529698198e-01 1.257277456809979474e-02
9.456020466528652912e-01 1.233092653538335470e-02
9.518687891863797379e-01 1.209157428868771166e-02
9.581418737840891042e-01 1.191604320628044354e-02
9.644369887048810375e-01 1.173382929796156111e-02
9.707375181351720617e-01 1.144434823682515152e-02
9.770097663529486720e-01 1.130854102019063050e-02
9.832835755838400527e-01 1.110028524565984109e-02
9.895569992810110405e-01 1.092117833149973925e-02
9.958480710782616763e-01 1.069575185777745657e-02
1.002138575493429995e+00 1.053738319842686608e-02
1.008406592376542843e+00 1.036506113920854406e-02
1.014697842972237973e+00 1.021930559102770045e-02
1.020995892874764666e+00 9.991405521801442410e-03
1.027276368069287793e+00 9.836510618322752073e-03
1.033563189136701643e+00 9.689469157054847459e-03
1.039851148620366539e+00 9.532335274313685769e-03
1.046127943161246687e+00 9.366214576416205875e-03
1.052404895272092133e+00 9.190027480859116332e-03
1.058683000430492127e+00 9.035262092622771066e-03
1.064967127327474117e+00 8.846445295480334300e-03
1.071258688161570438e+00 8.723888578996474852e-03
1.077544330604543799e+00 8.588782005284074927e-03
1.083828423436568711e+00 8.413245252745163091e-03
1.090113342297217791e+00 8.278213390352966508e-03
1.096393171946581147e+00 8.130310438216759722e-03
1.102683425690332397e+00 8.008020888298791537e-03
1.108964675464843452e+00 7.863947526484570821e-03
1.115226705913353378e+00 7.736240088241108995e-03
1.121503167812783808e+00 7.618494362157641510e-03
1.127793382225193985e+00 7.468225902029081847e-03
1.134092036465484288e+00 7.337429379456796193e-03
1.140366923395659482e+00 7.245316705771433392e-03
1.146641931784804447e+00 7.102895598996220375e-03
1.152944617322677390e+00 6.982715905385904719e-03
1.159230356871362666e+00 6.863056987155596173e-03
1.165510994903905084e+00 6.738638655459153019e-03
1.171794297100004156e+00 6.637442167596134361e-03
1.178088255559602393e+00 6.515680065959234858e-03
1.184371772446566995e+00 6.425343510200460032e-03
1.190639487122887363e+00 6.303353512574444081e-03
1.196916336380001056e+00 6.197391593529550172e-03
1.203204375371396573e+00 6.084101059431416998e-03
1.209488225901738323e+00 6.012841312359393231e-03
1.215765679709200020e+00 5.881771015694854318e-03
1.222058041744503942e+00 5.799996255221498420e-03
1.228350115998196657e+00 5.685179697083498837e-03
1.234637679107109420e+00 5.600592934748198706e-03
1.240908145406735441e+00 5.499265575166389919e-03
1.247180835746598104e+00 5.420701920718890877e-03
1.253468531500335770e+00 5.306577642258590750e-03
1.259751636995439350e+00 5.223188514680312394e-03
1.266035077425267108e+00 5.128206596144981207e-03
1.272321570618527797e+00 5.040425705868491549e-03
1.278608208280544778e+00 4.978707412954734395e-03
1.284887298154571367e+00 4.866807025950606151e-03
1.291176964274221017e+00 4.804317987096511089e-03
1.297469848393144831e+00 4.714090280448178343e-03
1.303745183221867832e+00 4.628524708596714471e-03
1.310019952103037566e+00 4.553811316218452088e-03
1.316304889985511428e+00 4.482223877500416537e-03
1.322589692250816240e+00 4.408343311411982469e-03
1.328868076233011619e+00 4.335429808127255237e-03
1.335146302472670188e+00 4.253386765155081281e-03
1.341442338921303268e+00 4.185582693104508874e-03
1.347732504022160827e+00 4.105592337792733811e-03
1.354002360904259961e+00 4.038408847672396093e-03
1.360285090555885645e+00 3.979551472868472252e-03
1.366569991348876023e+00 3.913498896355015882e-03
1.372854357884312648e+00 3.844387607710762246e-03
1.379136732473180915e+00 3.774285186964069280e-03
1.385410660878153122e+00 3.717472781612812978e-03
1.391699780091347760e+00 3.654938695113314501e-03
1.397986514487977949e+00 3.595953463100705610e-03
1.404269431125305445e+00 3.533410212871682804e-03
1.410558481592738334e+00 3.474219187618706340e-03
1.416841921169897933e+00 3.416890345193053079e-03
1.423120638450376285e+00 3.367211830912374658e-03
1.429399525711986918e+00 3.308330363203531004e-03
1.435687195920436032e+00 3.244080818737013830e-03
1.441978909597384506e+00 3.191626590449779706e-03
1.448256353182435952e+00 3.146266407432013901e-03
1.454533979889224504e+00 3.091945207780201488e-03
1.460823291195719742e+00 3.049540735769793506e-03
1.467115297699349785e+00 3.000366246516139503e-03
1.473396431849603117e+00 2.937216242538074999e-03
1.479672187129404293e+00 2.893405077916521694e-03
1.485957336950811003e+00 2.855264568578852555e-03
1.492235428844137068e+00 2.806456486398664543e-03
1.498505563158792242e+00 2.758438133522400377e-03
1.504788033368229971e+00 2.718545911938986294e-03
1.511077562324459223e+00 2.671997199429081062e-03
1.517363063341846008e+00 2.631245516368313497e-03
1.523653270341324806e+00 2.597983796193845552e-03
1.529942912799504340e+00 2.554034694253108726e-03
1.536231829420274808e+00 2.512677957395942092e-03
1.542513327069792606e+00 2.472766221811587700e-03
1.548785556440221534e+00 2.434053369433202604e-03
1.555073465503286512e+00 2.411039359584135709e-03
1.561358245907146003e+00 2.360777206985062004e-03
1.567631451431686029e+00 2.332867215704691709e-03
1.573918013544226335e+00 2.296980929601944582e-03
1.580207648268701970e+00 2.263279689736451532e-03
1.586489494063065386e+00 2.228069376448415465e-03
1.592763080732128689e+00 2.197309417121899675e-03
1.599049662621118140e+00 2.169787181463320343e-03
