8.899641653093008295e-03 3.415494185227614388e+00
1.539332528288165670e-02 4.014737023247612946e+00
2.155046762996598239e-02 3.867482637104235010e+00
2.783660762585126597e-02 3.400579990484775994e+00
3.439928854529101382e-02 2.871046506441556456e+00
4.083988908678293228e-02 2.428413629531860352e+00
4.696089820801348236e-02 2.126311813575634257e+00
5.319831544433587661e-02 1.925048419407435762e+00
5.953007160048735813e-02 1.781247323019462758e+00
6.593106050382960270e-02 1.655302631938374125e+00
7.211112823241795644e-02 1.527308537409855838e+00
7.840743265709380905e-02 1.373185613066367772e+00
8.486374147573563786e-02 1.202865326944118296e+00
9.105720993371453631e-02 1.062604978526501709e+00
9.723119438183111529e-02 9.391900134477458861e-01
1.035474523099094157e-01 8.411749596423548914e-01
1.098380096325790867e-01 7.562921526012165163e-01
1.160878800454857029e-01 6.843408965342656636e-01
1.223769048302436324e-01 6.248690472323285006e-01
1.287591547856025143e-01 5.706238946282188307e-01
1.350589943281513827e-01 5.247744462832353296e-01
1.412290290659165837e-01 4.853468480066031043e-01
1.475161690700088069e-01 4.512075223134793256e-01
1.537996369822966225e-01 4.177064343149364256e-01
1.601026478659483554e-01 3.895870963665999942e-01
1.664508001660549019e-01 3.650896309008738738e-01
1.727583237560037233e-01 3.408833262892319027e-01
1.790245845132147351e-01 3.207247459282309143e-01
1.852702546080971790e-01 3.015871078948258455e-01
1.914887492119529966e-01 2.854305529720568835e-01
1.977904085892937536e-01 2.694927659090018968e-01
2.041115446406587541e-01 2.553327070923129827e-01
2.104256850836569714e-01 2.416879625822368205e-01
2.167058561960866769e-01 2.292847453848165240e-01
2.229761248051159717e-01 2.184657070932071454e-01
2.292828550697881274e-01 2.077758235389561836e-01
2.355310205895554676e-01 1.982546137356313576e-01
2.418144967727207939e-01 1.894681670865590029e-01
2.481043196360692704e-01 1.811766929146751415e-01
2.543667409246888611e-01 1.737242115444441737e-01
2.606678092543103231e-01 1.667772157026522206e-01
2.669430136113040697e-01 1.589085299783916938e-01
2.732519464783976226e-01 1.528342781291456010e-01
2.795627339315375770e-01 1.473470052083333537e-01
2.858373502475139438e-01 1.416470786543151950e-01
2.920953075698756729e-01 1.363302544397000660e-01
2.983525092968341563e-01 1.312197391318443151e-01
3.046702740008471189e-01 1.266300257401204998e-01
3.109590627528140416e-01 1.222584138137331466e-01
3.172239916515500191e-01 1.178628918514521146e-01
3.235299724572279767e-01 1.140015306089411512e-01
3.298388395071043533e-01 1.104447029768248767e-01
3.361383844359337458e-01 1.065660076761727609e-01
3.423877713306480719e-01 1.034284214773577848e-01
3.486623155692267217e-01 1.005941692768337198e-01
3.549448882949312045e-01 9.723080275330119038e-02
3.611996781549324798e-01 9.426085363273693785e-02
3.674875026172954029e-01 9.142358637746786365e-02
3.737698636248200090e-01 8.892308875482161923e-02
3.800714314497639634e-01 8.614855722938213889e-02
3.863585763589229560e-01 8.407664813409553017e-02
3.926354401118986037e-01 8.153877572280428254e-02
3.989457585494922132e-01 7.926392379141183886e-02
4.052156663313305485e-01 7.704492289928667470e-02
4.115034152883392804e-01 7.522803936440755623e-02
4.177905076349040514e-01 7.311142459848787856e-02
4.240487051047501788e-01 7.128099250859892821e-02
4.303463415118498614e-01 6.923603963947105866e-02
4.366358695421740932e-01 6.787677406222154819e-02
4.429029287921816826e-01 6.604032529038721122e-02
4.491680252572889942e-01 6.473947115140521458e-02
4.554486850820457788e-01 6.308268593901414367e-02
4.617725565885423267e-01 6.146262394166255444e-02
4.680757412093953795e-01 6.008241286396452663e-02
4.743564916629640638e-01 5.877226025912307000e-02
4.806425428564732871e-01 5.730354299702909021e-02
4.869129233098823395e-01 5.602186562417119792e-02
4.931745196394184405e-01 5.487015434139889958e-02
4.994506890543656263e-01 5.375246375138675176e-02
5.057241638978529075e-01 5.253145401409013704e-02
5.120042719980517631e-01 5.140996208788248950e-02
5.183192340646139984e-01 5.023314846323597566e-02
5.246161892892522438e-01 4.947926534545230709e-02
5.308869673046785476e-01 4.816958491064431136e-02
5.371637224096752483e-01 4.720066725137919694e-02
5.434652729571635144e-01 4.643483341131930675e-02
5.497524178004593587e-01 4.553707490689556936e-02
5.559970921381958142e-01 4.450617786432057438e-02
5.622866379023159222e-01 4.369091953940207329e-02
5.686033203527380842e-01 4.265769454379837039e-02
5.748823709563090079e-01 4.179804131985483118e-02
5.811585199734176088e-01 4.116890773426763739e-02
5.874446517276211699e-01 4.041690977235769949e-02
5.937246335834056588e-01 3.961562749556096774e-02
6.000023445208265693e-01 3.887445643937742501e-02
6.062700655927123483e-01 3.810617826873129166e-02
6.125564878198721530e-01 3.757094899252381992e-02
6.188675697062213654e-01 3.692995699695097306e-02
6.251436203714340056e-01 3.618996159643715627e-02
6.314092032308914471e-01 3.556337076938562852e-02
6.377070744462735030e-01 3.489637410801455647e-02
6.439915699782213787e-01 3.431199235199493963e-02
6.502746657481665027e-01 3.363012605253069831e-02
6.565654463687421449e-01 3.321729335111036491e-02
6.628457378217490481e-01 3.257941493130050992e-02
6.691273712706959920e-01 3.191562369842924213e-02
6.754135024521100705e-01 3.143097841756978261e-02
6.816942288653291548e-01 3.086014636903506442e-02
6.879707219643064198e-01 3.040973092802028849e-02
6.942401964891569133e-01 2.987857232846329036e-02
7.005213539313046578e-01 2.942389760914967262e-02
7.068163049835881617e-01 2.890219360619280739e-02
7.131046379544038194e-01 2.846837572613900025e-02
7.193979933183044517e-01 2.799761924984261671e-02
7.256912769458278012e-01 2.759406985217378178e-02
7.319732112087881104e-01 2.724239590818765960e-02
7.382575498732680819e-01 2.662541564948438938e-02
7.445309219837563663e-01 2.620977888724804195e-02
7.507908721544984676e-01 2.580657121565044232e-02
7.570762748651901353e-01 2.548919120706457167e-02
7.633652442780797243e-01 2.501542804091701905e-02
7.696523768503739094e-01 2.464920493757497347e-02
7.759443911184177312e-01 2.427596370113085933e-02
7.822388793759307291e-01 2.387119755474667940e-02
7.885422505712965657e-01 2.363036130171842011e-02
7.947958170677573708e-01 2.317235980471192558e-02
8.010501857211035359e-01 2.284735812319516057e-02
8.073371699120777123e-01 2.247578629599593369e-02
8.136256953004623593e-01 2.215238901780819045e-02
8.199185768310989220e-01 2.181553667925097834e-02
8.261975950269245805e-01 2.148362475877273886e-02
8.324916626456120294e-01 2.121884146248406017e-02
8.387980487119468531e-01 2.073365439844735217e-02
8.450681625339854230e-01 2.059430632704749645e-02
8.513326310877129544e-01 2.018358757698510489e-02
8.576229699198910650e-01 1.995795038919003991e-02
8.639079722665760075e-01 1.962571205227171128e-02
8.701845317394016899e-01 1.937095562981251337e-02
8.764647451447489246e-01 1.903197440140758437e-02
8.827524554796379874e-01 1.877724149879839502e-02
8.890360933084631156e-01 1.855166952656133947e-02
8.953122302139767674e-01 1.827837153710914347e-02
9.015989135410911182e-01 1.794244360782321426e-02
9.078856597069530077e-01 1.775072203759960748e-02
9.141777176955673267e-01 1.747790410744225198e-02
9.204705311210197305e-01 1.716822389469371130e-02
9.267502199878263625e-01 1.694594220944660445e-02
9.330346272813238029e-01 1.669943878386941777e-02
9.393297286529698198e-01 1.652725777730731233e-02
9.456020466528652912e-01 1.625859363673772678e-02
9.518687891863797379e-01 1.598864631781602222e-02
9.581418737840891042e-01 1.580313273698190357e-02
9.644369887048810375e-01 1.560615865038205048e-02
9.707375181351720617e-01 1.526822654228836978e-02
9.770097663529486720e-01 1.512796206488904727e-02
9.832835755838400527e-01 1.489403125774155234e-02
9.895569992810110405e-01 1.469047108993613848e-02
9.958480710782616763e-01 1.443569985072215740e-02
1.002138575493429995e+00 1.426307466662570834e-02
1.008406592376542843e+00 1.407443459984621462e-02
1.014697842972237973e+00 1.390492432083862036e-02
1.020995892874764666e+00 1.363886784158465162e-02
1.027276368069287793e+00 1.346357210532122227e-02
1.033563189136701643e+00 1.330530008842678580e-02
1.039851148620366539e+00 1.311680905671414044e-02
1.046127943161246687e+00 1.292333812552913345e-02
1.052404895272092133e+00 1.271666877603768592e-02
1.058683000430492127e+00 1.253828373588545056e-02
1.064967127327474117e+00 1.231058325184001927e-02
1.071258688161570438e+00 1.217247876927745817e-02
1.077544330604543799e+00 1.200945575918149766e-02
1.083828423436568711e+00 1.180239768477790024e-02
1.090113342297217791e+00 1.163725351576969796e-02
1.096393171946581147e+00 1.146033860980118745e-02
1.102683425690332397e+00 1.131674326956695099e-02
1.108964675464843452e+00 1.114427263162882757e-02
1.115226705913353378e+00 1.099086881984328787e-02
1.121503167812783808e+00 1.084815305267395648e-02
1.127793382225193985e+00 1.066782631058120490e-02
1.134092036465484288e+00 1.050690278371373652e-02
1.140366923395659482e+00 1.039684609219202610e-02
1.146641931784804447e+00 1.021631945893653609e-02
1.152944617322677390e+00 1.006698545537660673e-02
1.159230356871362666e+00 9.924167669128540134e-03
1.165510994903905084e+00 9.764573077938834555e-03
1.171794297100004156e+00 9.642062927156006338e-03
1.178088255559602393e+00 9.489340220222340985e-03
1.184371772446566995e+00 9.372192875242265492e-03
1.190639487122887363e+00 9.222579571291961500e-03
1.196916336380001056e+00 9.087829767230902467e-03
1.203204375371396573e+00 8.943729958179220951e-03
1.209488225901738323e+00 8.858167118195292219e-03
1.215765679709200020e+00 8.682089259172348986e-03
1.222058041744503942e+00 8.584959647896524271e-03
1.228350115998196657e+00 8.433084281504044447e-03
1.234637679107109420e+00 8.324603059782428871e-03
1.240908145406735441e+00 8.193601432548046001e-03
1.247180835746598104e+00 8.093156964408855514e-03
1.253468531500335770e+00 7.939444279219054490e-03
1.259751636995439350e+00 7.831042062787646474e-03
1.266035077425267108e+00 7.703477160878356017e-03
1.272321570618527797e+00 7.590476597875409417e-03
1.278608208280544778e+00 7.514201956428745964e-03
1.284887298154571367e+00 7.357546616001480258e-03
1.291176964274221017e+00 7.282053636606911420e-03
1.297469848393144831e+00 7.157695773290256858e-03
1.303745183221867832e+00 7.042040021948581252e-03
1.310019952103037566e+00 6.940331904165673860e-03
1.316304889985511428e+00 6.847603473065351498e-03
1.322589692250816240e+00 6.749432433884358651e-03
1.328868076233011619e+00 6.649318301572701255e-03
1.335146302472670188e+00 6.537666222202680871e-03
1.341442338921303268e+00 6.442074500598714282e-03
1.347732504022160827e+00 6.332803414436605390e-03
1.354002360904259961e+00 6.241376779233542144e-03
1.360285090555885645e+00 6.161889356730302671e-03
1.366569991348876023e+00 6.068374084169162602e-03
1.372854357884312648e+00 5.976137925265438341e-03
1.379136732473180915e+00 5.877636949687715939e-03
1.385410660878153122e+00 5.796417419977547419e-03
1.391699780091347760e+00 5.706204867083165128e-03
1.397986514487977949e+00 5.627616753873146416e-03
1.404269431125305445e+00 5.539296538152552012e-03
1.410558481592738334e+00 5.454998187061122633e-03
1.416841921169897933e+00 5.376653237674724854e-03
1.423120638450376285e+00 5.306402344406688058e-03
1.429399525711986918e+00 5.223720283521759294e-03
1.435687195920436032e+00 5.130222476437905875e-03
1.441978909597384506e+00 5.055415068583807639e-03
1.448256353182435952e+00 4.990038978490075883e-03
1.454533979889224504e+00 4.912885276669660788e-03
1.460823291195719742e+00 4.850525354881686166e-03
1.467115297699349785e+00 4.777772614921851728e-03
1.473396431849603117e+00 4.685110301747795296e-03
1.479672187129404293e+00 4.624175788961444253e-03
1.485957336950811003e+00 4.568665615167138115e-03
1.492235428844137068e+00 4.496867402708775927e-03
1.498505563158792242e+00 4.428945726186399312e-03
1.504788033368229971e+00 4.370546319701715081e-03
1.511077562324459223e+00 4.300755625738546771e-03
1.517363063341846008e+00 4.236288419829268952e-03
1.523653270341324806e+00 4.190260950862100334e-03
1.529942912799504340e+00 4.127463040248695487e-03
1.536231829420274808e+00 4.064586273846512547e-03
1.542513327069792606e+00 4.004155924671190872e-03
1.548785556440221534e+00 3.945392635184634747e-03
1.555073465503286512e+00 3.911510485812423263e-03
1.561358245907146003e+00 3.834104966564348595e-03
1.567631451431686029e+00 3.794261791896562808e-03
1.573918013544226335e+00 3.737165845206823125e-03
1.580207648268701970e+00 3.686170187647499867e-03
1.586489494063065386e+00 3.634751449352559803e-03
1.592763080732128689e+00 3.589958444749381285e-03
1.599049662621118140e+00 3.544883691614196877e-03
