8.899641653093008295e-03 3.415488903339092719e+00
1.539332528288165670e-02 4.014742533365884825e+00
2.155046762996598239e-02 3.867482235557154535e+00
2.783660762585126597e-02 3.400579990484775994e+00
3.439928854529101382e-02 2.871046799879807931e+00
4.083988908678293228e-02 2.428413391113281250e+00
4.696089820801348236e-02 2.126311459748641219e+00
5.319831544433587661e-02 1.925048010689871525e+00
5.953007160048735813e-02 1.781246680544133820e+00
6.593106050382960270e-02 1.655302290482954630e+00
7.211112823241795644e-02 1.527307911408253283e+00
7.840743265709380905e-02 1.373185013506876162e+00
8.486374147573563786e-02 1.202864909966107954e+00
9.105720993371453631e-02 1.062604590076819955e+00
9.723119438183111529e-02 9.391896132172130596e-01
1.035474523099094157e-01 8.411746705474762997e-01
1.098380096325790867e-01 7.562919011690589777e-01
1.160878800454857029e-01 6.843407233029801251e-01
1.223769048302436324e-01 6.248688442047817260e-01
1.287591547856025143e-01 5.706236232603510983e-01
1.350589943281513827e-01 5.247743177430677086e-01
1.412290290659165837e-01 4.853466142300710273e-01
1.475161690700088069e-01 4.512073832020120912e-01
1.537996369822966225e-01 4.177062360415538800e-01
1.601026478659483554e-01 3.895869506631952639e-01
1.664508001660549019e-01 3.650893798995459294e-01
1.727583237560037233e-01 3.408832506726848233e-01
1.790245845132147351e-01 3.207246227741626377e-01
1.852702546080971790e-01 3.015869977628224952e-01
1.914887492119529966e-01 2.854304453262787034e-01
1.977904085892937536e-01 2.694926320180291990e-01
2.041115446406587541e-01 2.553326515131753571e-01
2.104256850836569714e-01 2.416878597861842060e-01
2.167058561960866769e-01 2.292846959703059850e-01
2.229761248051159717e-01 2.184656148950859245e-01
2.292828550697881274e-01 2.077757361169133288e-01
2.355310205895554676e-01 1.982545858115063453e-01
2.418144967727207939e-01 1.894681410170848956e-01
2.481043196360692704e-01 1.811766554736223278e-01
2.543667409246888611e-01 1.737241519747035612e-01
2.606678092543103231e-01 1.667771709308522865e-01
2.669430136113040697e-01 1.589084865254015710e-01
2.732519464783976226e-01 1.528341870394505086e-01
2.795627339315375770e-01 1.473469460943805653e-01
2.858373502475139438e-01 1.416470223920725247e-01
2.920953075698756729e-01 1.363302271857790016e-01
2.983525092968341563e-01 1.312196962037558146e-01
3.046702740008471189e-01 1.266299928680826581e-01
3.109590627528140416e-01 1.222583820183792275e-01
3.172239916515500191e-01 1.178628151981946509e-01
3.235299724572279767e-01 1.140015089281088967e-01
3.298388395071043533e-01 1.104446392547198535e-01
3.361383844359337458e-01 1.065659739718510107e-01
3.423877713306480719e-01 1.034283683166337814e-01
3.486623155692267217e-01 1.005941442752336101e-01
3.549448882949312045e-01 9.723077210854734476e-02
3.611996781549324798e-01 9.426081821581841491e-02
3.674875026172954029e-01 9.142354686885922899e-02
3.737698636248200090e-01 8.892305561505985112e-02
3.800714314497639634e-01 8.614854144782914391e-02
3.863585763589229560e-01 8.407661198500561428e-02
3.926354401118986037e-01 8.153873095738937982e-02
3.989457585494922132e-01 7.926388562804086158e-02
4.052156663313305485e-01 7.704489444687913358e-02
4.115034152883392804e-01 7.522800369480057980e-02
4.177905076349040514e-01 7.311140678580548002e-02
4.240487051047501788e-01 7.128097550124086468e-02
4.303463415118498614e-01 6.923601486116749693e-02
4.366358695421740932e-01 6.787674989068018250e-02
4.429029287921816826e-01 6.604029392294752387e-02
4.491680252572889942e-01 6.473945589547663859e-02
4.554486850820457788e-01 6.308267115247032097e-02
4.617725565885423267e-01 6.146260975939615151e-02
4.680757412093953795e-01 6.008239169141878222e-02
4.743564916629640638e-01 5.877220605834605066e-02
4.806425428564732871e-01 5.730353632743135500e-02
4.869129233098823395e-01 5.602184619911152602e-02
4.931745196394184405e-01 5.487013534656306341e-02
4.994506890543656263e-01 5.375245144001664088e-02
5.057241638978529075e-01 5.253144200195576652e-02
5.120042719980517631e-01 5.140993286068512580e-02
5.183192340646139984e-01 5.023313147205435425e-02
5.246161892892522438e-01 4.947924300308574608e-02
5.308869673046785476e-01 4.816955757739028315e-02
5.371637224096752483e-01 4.720065137472361644e-02
5.434652729571635144e-01 4.643481783350968811e-02
5.497524178004593587e-01 4.553706983805667907e-02
5.559970921381958142e-01 4.450615775513250966e-02
5.622866379023159222e-01 4.369088601938844046e-02
5.686033203527380842e-01 4.265768030154979545e-02
5.748823709563090079e-01 4.179802735752616294e-02
5.811585199734176088e-01 4.116889413210823856e-02
5.874446517276211699e-01 4.041690087607723025e-02
5.937246335834056588e-01 3.961561006845923383e-02
6.000023445208265693e-01 3.887445643937742501e-02
6.062700655927123483e-01 3.810617406940168539e-02
6.125564878198721530e-01 3.757093681411183966e-02
6.188675697062213654e-01 3.692994899810997378e-02
6.251436203714340056e-01 3.618994191021723122e-02
6.314092032308914471e-01 3.556335534989657488e-02
6.377070744462735030e-01 3.489636284708876046e-02
6.439915699782213787e-01 3.431197750588143441e-02
6.502746657481665027e-01 3.363010435146331079e-02
6.565654463687421449e-01 3.321727555167430096e-02
6.628457378217490481e-01 3.257940445541013946e-02
6.691273712706959920e-01 3.191560310395519240e-02
6.754135024521100705e-01 3.143097172346693419e-02
6.816942288653291548e-01 3.086013308102412631e-02
6.879707219643064198e-01 3.040971479289207580e-02
6.942401964891569133e-01 2.987855948335109077e-02
7.005213539313046578e-01 2.942389450717870780e-02
7.068163049835881617e-01 2.890218745174916171e-02
7.131046379544038194e-01 2.846837572613900025e-02
7.193979933183044517e-01 2.799760447153333207e-02
7.256912769458278012e-01 2.759406985217378178e-02
7.319732112087881104e-01 2.724238158656948697e-02
7.382575498732680819e-01 2.662541002347620575e-02
7.445309219837563663e-01 2.620975943624731172e-02
7.507908721544984676e-01 2.580657121565044232e-02
7.570762748651901353e-01 2.548918853386520494e-02
7.633652442780797243e-01 2.501542278362780744e-02
7.696523768503739094e-01 2.464919975428728552e-02
7.759443911184177312e-01 2.427595608664802340e-02
7.822388793759307291e-01 2.387119254293001633e-02
7.885422505712965657e-01 2.363035884757516691e-02
7.947958170677573708e-01 2.317235980471192558e-02
8.010501857211035359e-01 2.284735574138187578e-02
8.073371699120777123e-01 2.247577686070062128e-02
8.136256953004623593e-01 2.215238440241176082e-02
8.199185768310989220e-01 2.181553439427423580e-02
8.261975950269245805e-01 2.148360903515420320e-02
8.324916626456120294e-01 2.121883704656652228e-02
8.387980487119468531e-01 2.073364355411491666e-02
8.450681625339854230e-01 2.059429332632195520e-02
8.513326310877129544e-01 2.018358123484651628e-02
8.576229699198910650e-01 1.995795038919003991e-02
8.639079722665760075e-01 1.962570587154855231e-02
8.701845317394016899e-01 1.937094551200693737e-02
8.764647451447489246e-01 1.903196639095323592e-02
8.827524554796379874e-01 1.877723757752206360e-02
8.890360933084631156e-01 1.855165979744000451e-02
8.953122302139767674e-01 1.827836770579956138e-02
9.015989135410911182e-01 1.794243984573638123e-02
9.078856597069530077e-01 1.775071456958422084e-02
9.141777176955673267e-01 1.747789499098214433e-02
9.204705311210197305e-01 1.716822207794140714e-02
9.267502199878263625e-01 1.694593864298092264e-02
9.330346272813238029e-01 1.669943349459370938e-02
9.393297286529698198e-01 1.652724911768879007e-02
9.456020466528652912e-01 1.625859018361968875e-02
9.518687891863797379e-01 1.598864293329647912e-02
9.581418737840891042e-01 1.580312602784046672e-02
9.644369887048810375e-01 1.560615537760984099e-02
9.707375181351720617e-01 1.526822001398414966e-02
9.770097663529486720e-01 1.512795724204062976e-02
9.832835755838400527e-01 1.489402648293517220e-02
9.895569992810110405e-01 1.469046482538232702e-02
9.958480710782616763e-01 1.443569985072215740e-02
1.002138575493429995e+00 1.426306549535987650e-02
1.008406592376542843e+00 1.407442703020454246e-02
1.014697842972237973e+00 1.390491987364368860e-02
1.020995892874764666e+00 1.363886343004249400e-02
1.027276368069287793e+00 1.346356919346013668e-02
1.033563189136701643e+00 1.330529292358282462e-02
1.039851148620366539e+00 1.311680054676108050e-02
1.046127943161246687e+00 1.292332968909279921e-02
1.052404895272092133e+00 1.271666739411222817e-02
1.058683000430492127e+00 1.253827548626559180e-02
1.064967127327474117e+00 1.231058594482491858e-02
1.071258688161570438e+00 1.217247074128472405e-02
1.077544330604543799e+00 1.200945311950948197e-02
1.083828423436568711e+00 1.180239637912927630e-02
1.090113342297217791e+00 1.163724963990646691e-02
1.096393171946581147e+00 1.146033350991190053e-02
1.102683425690332397e+00 1.131673822994666567e-02
1.108964675464843452e+00 1.114427263162882757e-02
1.115226705913353378e+00 1.099086263192444908e-02
1.121503167812783808e+00 1.084815427176179063e-02
1.127793382225193985e+00 1.066782270244947921e-02
1.134092036465484288e+00 1.050689802055186292e-02
1.140366923395659482e+00 1.039684372301028295e-02
1.146641931784804447e+00 1.021631945893653609e-02
1.152944617322677390e+00 1.006698085755978155e-02
1.159230356871362666e+00 9.924165379984693433e-03
1.165510994903905084e+00 9.764567440628752273e-03
1.171794297100004156e+00 9.642056212555809303e-03
1.178088255559602393e+00 9.489333626549566539e-03
1.184371772446566995e+00 9.372188473635431269e-03
1.190639487122887363e+00 9.222572009715320623e-03
1.196916336380001056e+00 9.087829767230902467e-03
1.203204375371396573e+00 8.943726797141707610e-03
1.209488225901738323e+00 8.858165009772288323e-03
1.215765679709200020e+00 8.682086155439951158e-03
1.222058041744503942e+00 8.584959647896524271e-03
1.228350115998196657e+00 8.433080728300361775e-03
1.234637679107109420e+00 8.324598535699541044e-03
1.240908145406735441e+00 8.193598928849783400e-03
1.247180835746598104e+00 8.093156472142214869e-03
1.253468531500335770e+00 7.939439885619247600e-03
1.259751636995439350e+00 7.831039645371830338e-03
1.266035077425267108e+00 7.703474293616873088e-03
1.272321570618527797e+00 7.590470429952434969e-03
1.278608208280544778e+00 7.514197278491199089e-03
1.284887298154571367e+00 7.357545683009696601e-03
1.291176964274221017e+00 7.282055008424937782e-03
1.297469848393144831e+00 7.157692118545193848e-03
1.303745183221867832e+00 7.042040924962410763e-03
1.310019952103037566e+00 6.940331456685652073e-03
1.316304889985511428e+00 6.847600820602643690e-03
1.322589692250816240e+00 6.749427168469245182e-03
1.328868076233011619e+00 6.649312649344054325e-03
1.335146302472670188e+00 6.537666652644590418e-03
1.341442338921303268e+00 6.442073228166998733e-03
1.347732504022160827e+00 6.332796636188772581e-03
1.354002360904259961e+00 6.241378454165709064e-03
1.360285090555885645e+00 6.161885216690605321e-03
1.366569991348876023e+00 6.068372439216225718e-03
1.372854357884312648e+00 5.976134270319757164e-03
1.379136732473180915e+00 5.877636545384992695e-03
1.385410660878153122e+00 5.796417020305246089e-03
1.391699780091347760e+00 5.706200914988870943e-03
1.397986514487977949e+00 5.627612824954859351e-03
1.404269431125305445e+00 5.539295373289098053e-03
1.410558481592738334e+00 5.455000501687566269e-03
1.416841921169897933e+00 5.376653237674724854e-03
1.423120638450376285e+00 5.306402344406688058e-03
1.429399525711986918e+00 5.223720658033755362e-03
1.435687195920436032e+00 5.130219496851268560e-03
1.441978909597384506e+00 5.055415804042391430e-03
1.448256353182435952e+00 4.990040814371294632e-03
1.454533979889224504e+00 4.912883467062438038e-03
1.460823291195719742e+00 4.850523199939132772e-03
1.467115297699349785e+00 4.777770835989871706e-03
1.473396431849603117e+00 4.685106407540101138e-03
1.479672187129404293e+00 4.624172986837819972e-03
1.485957336950811003e+00 4.568664572843762067e-03
1.492235428844137068e+00 4.496866023589688767e-03
1.498505563158792242e+00 4.428943327726290839e-03
1.504788033368229971e+00 4.370541591344384406e-03
1.511077562324459223e+00 4.300756634461834829e-03
1.517363063341846008e+00 4.236286423792132161e-03
1.523653270341324806e+00 4.190257981447796480e-03
1.529942912799504340e+00 4.127462385268414538e-03
1.536231829420274808e+00 4.064586598435128081e-03
1.542513327069792606e+00 4.004155601760338301e-03
1.548785556440221534e+00 3.945392635184634747e-03
1.555073465503286512e+00 3.911508274462393957e-03
1.561358245907146003e+00 3.834103703216931464e-03
1.567631451431686029e+00 3.794259296789368168e-03
1.573918013544226335e+00 3.737166773545237079e-03
1.580207648268701970e+00 3.686166199243745469e-03
1.586489494063065386e+00 3.634747788286588586e-03
1.592763080732128689e+00 3.589958747809048490e-03
1.599049662621118140e+00 3.544882197741512902e-03
