8.899641653093008295e-03 3.416024721585787294e+00
1.539332528288165670e-02 4.011413150363497770e+00
2.155046762996598239e-02 3.866092481111225165e+00
2.783660762585126597e-02 3.405003735142895671e+00
3.439928854529101382e-02 2.870134206918570019e+00
4.083988908678293228e-02 2.429109573364257812e+00
4.696089820801348236e-02 2.127695100203804479e+00
5.319831544433587661e-02 1.925718579973493272e+00
5.953007160048735813e-02 1.781553141276041696e+00
6.593106050382960270e-02 1.655458164881993044e+00
7.211112823241795644e-02 1.526250594701522356e+00
7.840743265709380905e-02 1.372858493407723479e+00
8.486374147573563786e-02 1.206176653567997414e+00
9.105720993371453631e-02 1.060756055153639688e+00
9.723119438183111529e-02 9.382365842725409744e-01
1.035474523099094157e-01 8.446590588458406934e-01
1.098380096325790867e-01 7.814708202923853486e-01
1.160878800454857029e-01 7.390116508433360876e-01
1.223769048302436324e-01 7.058452138286123168e-01
1.287591547856025143e-01 6.696401499253195055e-01
1.350589943281513827e-01 6.273910613510222944e-01
1.412290290659165837e-01 5.798746225288262668e-01
1.475161690700088069e-01 5.292029747596153078e-01
1.537996369822966225e-01 4.803269184403762826e-01
1.601026478659483554e-01 4.395884834630132687e-01
1.664508001660549019e-01 4.088085680920864884e-01
1.727583237560037233e-01 3.862234364111217233e-01
1.790245845132147351e-01 3.700526055065829212e-01
1.852702546080971790e-01 3.561095420482226492e-01
1.914887492119529966e-01 3.422020752383708175e-01
1.977904085892937536e-01 3.254215117346638819e-01
2.041115446406587541e-01 3.063822746421592802e-01
2.104256850836569714e-01 2.861269531249999720e-01
2.167058561960866769e-01 2.668682031987923420e-01
2.229761248051159717e-01 2.501013411015782228e-01
2.292828550697881274e-01 2.359461780947869347e-01
2.355310205895554676e-01 2.250290187507148487e-01
2.418144967727207939e-01 2.162987525235250952e-01
2.481043196360692704e-01 2.087160100138342189e-01
2.543667409246888611e-01 2.013333804807974081e-01
2.606678092543103231e-01 1.932779798677333460e-01
2.669430136113040697e-01 1.841977031097045414e-01
2.732519464783976226e-01 1.752455413820889485e-01
2.795627339315375770e-01 1.664674920550847648e-01
2.858373502475139438e-01 1.581930915667249249e-01
2.920953075698756729e-01 1.510151576860999378e-01
2.983525092968341563e-01 1.447639374109843113e-01
3.046702740008471189e-01 1.394894683250302858e-01
3.109590627528140416e-01 1.347149750012209268e-01
3.172239916515500191e-01 1.301713046997645118e-01
3.235299724572279767e-01 1.257102351566662668e-01
3.298388395071043533e-01 1.210853953240096370e-01
3.361383844359337458e-01 1.162694077573651202e-01
3.423877713306480719e-01 1.117092741009458323e-01
3.486623155692267217e-01 1.073660964301715315e-01
3.549448882949312045e-01 1.031572039589295497e-01
3.611996781549324798e-01 9.945644474582930605e-02
3.674875026172954029e-01 9.606023766934067287e-02
3.737698636248200090e-01 9.302284734712230885e-02
3.800714314497639634e-01 9.007292971275049354e-02
3.863585763589229560e-01 8.733393934356227517e-02
3.926354401118986037e-01 8.446627966534410448e-02
3.989457585494922132e-01 8.170356975592539539e-02
4.052156663313305485e-01 7.893867246681007810e-02
4.115034152883392804e-01 7.636651512790836038e-02
4.177905076349040514e-01 7.380137658547122892e-02
4.240487051047501788e-01 7.146321784656914367e-02
4.303463415118498614e-01 6.920055297905249037e-02
4.366358695421740932e-01 6.724900287557547540e-02
4.429029287921816826e-01 6.526142471162031666e-02
4.491680252572889942e-01 6.345636365056551986e-02
4.554486850820457788e-01 6.159412826936398050e-02
4.617725565885423267e-01 5.978305358718304791e-02
4.680757412093953795e-01 5.804968967823150028e-02
4.743564916629640638e-01 5.636886569155855065e-02
4.806425428564732871e-01 5.470946965493101583e-02
4.869129233098823395e-01 5.314882159817995583e-02
4.931745196394184405e-01 5.169193840932078537e-02
4.994506890543656263e-01 5.029787790883204213e-02
5.057241638978529075e-01 4.891679557288463459e-02
5.120042719980517631e-01 4.761604974366111243e-02
5.183192340646139984e-01 4.634029600994495762e-02
5.246161892892522438e-01 4.518972087592085934e-02
5.308869673046785476e-01 4.392777548421405998e-02
5.371637224096752483e-01 4.277841006852618755e-02
5.434652729571635144e-01 4.170330480946386059e-02
5.497524178004593587e-01 4.062671326754386386e-02
5.559970921381958142e-01 3.953739858534274787e-02
5.622866379023159222e-01 3.855956092689618447e-02
5.686033203527380842e-01 3.754097922181264674e-02
5.748823709563090079e-01 3.659689703441627862e-02
5.811585199734176088e-01 3.572656587333553069e-02
5.874446517276211699e-01 3.485885179195286065e-02
5.937246335834056588e-01 3.400135596793190523e-02
6.000023445208265693e-01 3.316252149166609015e-02
6.062700655927123483e-01 3.234509067797202569e-02
6.125564878198721530e-01 3.161118734255748824e-02
6.188675697062213654e-01 3.086123433059043825e-02
6.251436203714340056e-01 3.010454745065656995e-02
6.314092032308914471e-01 2.940060768514735426e-02
6.377070744462735030e-01 2.870926675397537584e-02
6.439915699782213787e-01 2.804620313913349858e-02
6.502746657481665027e-01 2.736082150634805421e-02
6.565654463687421449e-01 2.678235578640585784e-02
6.628457378217490481e-01 2.614088557031305632e-02
6.691273712706959920e-01 2.552036332167008717e-02
6.754135024521100705e-01 2.494899829980498293e-02
6.816942288653291548e-01 2.438689682263460792e-02
6.879707219643064198e-01 2.385118209821723498e-02
6.942401964891569133e-01 2.329742726275386283e-02
7.005213539313046578e-01 2.278542227503017534e-02
7.068163049835881617e-01 2.226954199565860451e-02
7.131046379544038194e-01 2.177870032106639722e-02
7.193979933183044517e-01 2.130108406346850961e-02
7.256912769458278012e-01 2.083754357490830850e-02
7.319732112087881104e-01 2.040490021613040536e-02
7.382575498732680819e-01 1.990570866549285639e-02
7.445309219837563663e-01 1.948700592012881164e-02
7.507908721544984676e-01 1.905482281769326630e-02
7.570762748651901353e-01 1.867574466993986160e-02
7.633652442780797243e-01 1.824437994731943624e-02
7.696523768503739094e-01 1.784921742515166790e-02
7.759443911184177312e-01 1.747564294459482900e-02
7.822388793759307291e-01 1.709275561547995287e-02
7.885422505712965657e-01 1.674395925399699628e-02
7.947958170677573708e-01 1.637687891617733982e-02
8.010501857211035359e-01 1.603606048159426228e-02
8.073371699120777123e-01 1.568526794880001352e-02
8.136256953004623593e-01 1.535746969973781489e-02
8.199185768310989220e-01 1.503082378785822529e-02
8.261975950269245805e-01 1.471450140639232219e-02
8.324916626456120294e-01 1.440916984000388881e-02
8.387980487119468531e-01 1.407989192347433756e-02
8.450681625339854230e-01 1.381349623693132328e-02
8.513326310877129544e-01 1.350374913408667644e-02
8.576229699198910650e-01 1.323349684535528835e-02
8.639079722665760075e-01 1.294609019155165512e-02
8.701845317394016899e-01 1.268774539320932995e-02
8.764647451447489246e-01 1.241123675615561812e-02
8.827524554796379874e-01 1.215980927978513662e-02
8.890360933084631156e-01 1.191668897359606655e-02
8.953122302139767674e-01 1.167456638004384269e-02
9.015989135410911182e-01 1.140852079561214226e-02
9.078856597069530077e-01 1.118622916035370493e-02
9.141777176955673267e-01 1.094987231267176980e-02
9.204705311210197305e-01 1.071207119704036329e-02
9.267502199878263625e-01 1.049436628241660549e-02
9.330346272813238029e-01 1.027743382989147747e-02
9.393297286529698198e-01 1.007386065745486531e-02
9.456020466528652912e-01 9.862816460312015879e-03
9.518687891863797379e-01 9.645686088682426523e-03
9.581418737840891042e-01 9.462329036316099659e-03
9.644369887048810375e-01 9.268410718250444727e-03
9.707375181351720617e-01 9.054270778756709839e-03
9.770097663529486720e-01 8.880744044618164509e-03
9.832835755838400527e-01 8.695429342695315880e-03
9.895569992810110405e-01 8.511314893009439692e-03
9.958480710782616763e-01 8.329659367229021172e-03
1.002138575493429995e+00 8.163852722579528418e-03
1.008406592376542843e+00 7.994532472042951976e-03
1.014697842972237973e+00 7.830885445049652616e-03
1.020995892874764666e+00 7.659764322712755286e-03
1.027276368069287793e+00 7.500994924696010278e-03
1.033563189136701643e+00 7.351961025816733039e-03
1.039851148620366539e+00 7.198987699101131593e-03
1.046127943161246687e+00 7.046844190134507989e-03
1.052404895272092133e+00 6.894307267521665103e-03
1.058683000430492127e+00 6.751298462666839931e-03
1.064967127327474117e+00 6.605337203073638822e-03
1.071258688161570438e+00 6.470238347036724562e-03
1.077544330604543799e+00 6.341290680935705686e-03
1.083828423436568711e+00 6.202350614578208340e-03
1.090113342297217791e+00 6.066663271410474741e-03
1.096393171946581147e+00 5.938605604998641908e-03
1.102683425690332397e+00 5.815251864498237333e-03
1.108964675464843452e+00 5.690885476365274177e-03
1.115226705913353378e+00 5.574568609980762313e-03
1.121503167812783808e+00 5.455827059419706901e-03
1.127793382225193985e+00 5.339214703504325220e-03
1.134092036465484288e+00 5.223123744811583591e-03
1.140366923395659482e+00 5.118665134962238975e-03
1.146641931784804447e+00 5.002125756859810563e-03
1.152944617322677390e+00 4.896520316134114238e-03
1.159230356871362666e+00 4.791562361827277419e-03
1.165510994903905084e+00 4.687282963561870998e-03
1.171794297100004156e+00 4.587992590680407302e-03
1.178088255559602393e+00 4.485635751994489218e-03
1.184371772446566995e+00 4.391298544881600853e-03
1.190639487122887363e+00 4.294384378688321201e-03
1.196916336380001056e+00 4.200113318782971485e-03
1.203204375371396573e+00 4.109670139750564583e-03
1.209488225901738323e+00 4.025637607779210085e-03
1.215765679709200020e+00 3.930904239658727581e-03
1.222058041744503942e+00 3.850846591415374356e-03
1.228350115998196657e+00 3.760066632111930349e-03
1.234637679107109420e+00 3.680195150356869137e-03
1.240908145406735441e+00 3.597496684302317008e-03
1.247180835746598104e+00 3.525517196598663278e-03
1.253468531500335770e+00 3.437155600356474067e-03
1.259751636995439350e+00 3.364706069079826788e-03
1.266035077425267108e+00 3.288336035338607685e-03
1.272321570618527797e+00 3.214510321573109137e-03
1.278608208280544778e+00 3.149580971311683342e-03
1.284887298154571367e+00 3.068100096583309313e-03
1.291176964274221017e+00 3.007526283887050969e-03
1.297469848393144831e+00 2.937526242896929766e-03
1.303745183221867832e+00 2.870097617384284594e-03
1.310019952103037566e+00 2.804095072249766438e-03
1.316304889985511428e+00 2.743305797728937297e-03
1.322589692250816240e+00 2.682501271141413905e-03
1.328868076233011619e+00 2.620186459475141571e-03
1.335146302472670188e+00 2.557114631074506542e-03
1.341442338921303268e+00 2.501103444300960786e-03
1.347732504022160827e+00 2.441440564879653052e-03
1.354002360904259961e+00 2.385576154824190290e-03
1.360285090555885645e+00 2.330929497667587943e-03
1.366569991348876023e+00 2.279175645258450875e-03
1.372854357884312648e+00 2.225133976663551914e-03
1.379136732473180915e+00 2.171267747013567919e-03
1.385410660878153122e+00 2.125622366511241684e-03
1.391699780091347760e+00 2.072983720533184797e-03
1.397986514487977949e+00 2.023955931768934170e-03
1.404269431125305445e+00 1.978738405912133617e-03
1.410558481592738334e+00 1.931346101129646341e-03
1.416841921169897933e+00 1.885533966490646413e-03
1.423120638450376285e+00 1.841385938567726647e-03
1.429399525711986918e+00 1.799261053377007591e-03
1.435687195920436032e+00 1.754474655314266834e-03
1.441978909597384506e+00 1.713100552827154666e-03
1.448256353182435952e+00 1.671387914275849996e-03
1.454533979889224504e+00 1.632553985302908619e-03
1.460823291195719742e+00 1.595466849915319358e-03
1.467115297699349785e+00 1.556065247240236019e-03
1.473396431849603117e+00 1.517070916484532933e-03
1.479672187129404293e+00 1.479196577468271882e-03
1.485957336950811003e+00 1.447764152288793160e-03
1.492235428844137068e+00 1.410966652784637803e-03
1.498505563158792242e+00 1.376275470933667651e-03
1.504788033368229971e+00 1.344867255447845626e-03
1.511077562324459223e+00 1.311522349423812879e-03
1.517363063341846008e+00 1.277670773405733618e-03
1.523653270341324806e+00 1.249514032253677990e-03
1.529942912799504340e+00 1.218526625524822635e-03
1.536231829420274808e+00 1.188748674224294555e-03
1.542513327069792606e+00 1.158565066733118452e-03
1.548785556440221534e+00 1.130900824741631764e-03
1.555073465503286512e+00 1.105588456063411659e-03
1.561358245907146003e+00 1.075416513894274619e-03
1.567631451431686029e+00 1.051272403118381138e-03
1.573918013544226335e+00 1.023900719207287155e-03
1.580207648268701970e+00 9.998156608872887235e-04
1.586489494063065386e+00 9.743193343705637555e-04
1.592763080732128689e+00 9.518170720599662682e-04
1.599049662621118140e+00 9.286191210970962118e-04
1.605345053337696948e+00 9.050257479541063679e-04
1.611620459129566862e+00 8.828160968183386371e-04
1.617898365736541777e+00 8.620308625315770438e-04
1.624184845436249969e+00 8.401969045883087494e-04
1.630466505740439054e+00 8.202853192513561700e-04
1.636751035144561328e+00 8.005659333047311773e-04
1.643032775792161226e+00 7.800524397962780004e-04
1.649311205731157637e+00 7.620817266321011250e-04
1.655595559618384449e+00 7.439422227101831269e-04
1.661881635856505390e+00 7.247607226857528950e-04
1.668171353955333336e+00 7.095884813039844436e-04
1.674453350850270361e+00 6.904958243917585885e-04
1.680725924646356395e+00 6.743709440505776028e-04
1.687014542692673036e+00 6.592053579354341690e-04
1.693310190593907416e+00 6.435620664841470474e-04
1.699585582287156615e+00 6.290212557799199295e-04
1.705866511081394421e+00 6.132752788912176683e-04
1.712160676675390514e+00 5.996632873878437282e-04
1.718444821026641867e+00 5.875198328740953175e-04
1.724722780324677629e+00 5.732881372386485364e-04
1.730998407906060743e+00 5.606529458912759209e-04
1.737287228726877686e+00 5.482862029654337818e-04
1.743568303176275425e+00 5.363955515082167568e-04
1.749841689593745420e+00 5.258021752524311837e-04
1.756129388522271517e+00 5.135038115915974274e-04
1.762415116633644363e+00 5.045787077059191422e-04
1.768698244482999726e+00 4.937399542859360630e-04
1.774980086402522028e+00 4.840399902134075996e-04
1.781265981096536777e+00 4.757174005810154739e-04
1.787550624457374449e+00 4.668607419229402786e-04
1.793835833491845833e+00 4.578234572962769605e-04
1.800117311233924822e+00 4.512066134804245039e-04
1.806395490080128896e+00 4.441246532057773963e-04
1.812674669631440416e+00 4.382755454936961264e-04
1.818957879507353992e+00 4.308539200429827476e-04
1.825245306758315422e+00 4.253567033643439253e-04
1.831528271693480647e+00 4.214018582683673594e-04
1.837812827050599118e+00 4.167266624504904261e-04
1.844103367940866489e+00 4.124894111611153956e-04
1.850386948924649388e+00 4.089757159837125919e-04
1.856666935595761014e+00 4.061122220508703979e-04
1.862948995952047992e+00 4.033560240755921654e-04
1.869230662203537285e+00 4.013966862124492669e-04
1.875518523852231834e+00 4.005750271785313635e-04
1.881801828956604083e+00 3.995739868028579242e-04
1.888079605905484737e+00 3.996813338258511147e-04
1.894354917179238207e+00 4.002535556875218129e-04
1.900643508338552223e+00 4.012239655642958129e-04
1.906933681097740418e+00 4.034384672902730407e-04
1.913208537729330194e+00 4.049768536008354486e-04
1.919491876081842907e+00 4.099365081900582450e-04
1.925778583551117418e+00 4.135864751306604766e-04
1.932066442879381896e+00 4.170966554666064941e-04
1.938345779800252577e+00 4.237187052969016766e-04
1.944621163117130624e+00 4.285904610516362285e-04
1.950906419736068598e+00 4.347215394908800841e-04
1.957194922928259695e+00 4.424007345029825440e-04
1.963480698366232735e+00 4.510241969022701610e-04
1.969761129083444473e+00 4.623741853784984015e-04
1.976050304691988391e+00 4.688713553054541026e-04
1.982339908457910083e+00 4.807290300490231092e-04
1.988618349245825812e+00 4.930894881224665406e-04
1.994897766502643721e+00 5.051344674272669963e-04
2.001180771161680028e+00 5.183214190580425797e-04
2.007460336186321026e+00 5.330919836867274199e-04
2.013738753216055777e+00 5.497879547961411709e-04
2.020018986124832772e+00 5.672383429016236191e-04
2.026310836118350167e+00 5.846188121763383006e-04
2.032601207862052561e+00 6.054155791934067669e-04
2.038875504895327317e+00 6.249494357921764028e-04
2.045155551699306962e+00 6.428733803758073179e-04
2.051445731990026999e+00 6.664628938801986369e-04
2.057731375213294633e+00 6.896814134428601740e-04
2.064016423384301913e+00 7.185924336382959465e-04
2.070302827783211619e+00 7.364818574729891905e-04
2.076590615358942848e+00 7.706637976048700536e-04
2.082865814675600280e+00 7.964079052757558948e-04
2.089135078390696343e+00 8.263034836591551724e-04
2.095424699602885799e+00 8.590417069367491066e-04
2.101708259047597949e+00 8.937726894184447844e-04
2.107987807301212158e+00 9.233469526106692941e-04
2.114274337075186416e+00 9.616305846475230960e-04
2.120555211422834319e+00 1.004923457924479600e-03
2.126838540980260372e+00 1.033699266726008804e-03
2.133123767198004117e+00 1.084153128950838532e-03
2.139413031894335848e+00 1.122534041186891906e-03
2.145698041890389263e+00 1.171165397005567797e-03
2.151974340624452253e+00 1.224322751015927526e-03
2.158260630891077003e+00 1.259999153640407399e-03
2.164546658731809625e+00 1.322540769526282193e-03
2.170832823837292480e+00 1.368499761579040300e-03
2.177115967197242430e+00 1.432891257929532272e-03
2.183389032615354441e+00 1.484632850954758099e-03
2.189670975244353279e+00 1.541736009088665949e-03
2.195960831894089527e+00 1.610556712315430999e-03
2.202245817416866203e+00 1.668925910847470287e-03
2.208524601220368755e+00 1.740484167133294008e-03
2.214805589383115780e+00 1.805734087909702332e-03
2.221093631642824917e+00 1.884184881537498066e-03
2.227374275520719316e+00 1.960048462564192937e-03
2.233658333286540287e+00 2.029398783530757169e-03
2.239946072329966231e+00 2.116045851316542426e-03
2.246226850917138140e+00 2.187061157595876579e-03
2.252506781988718565e+00 2.284714321764564834e-03
2.258783643789477491e+00 2.370473826302332658e-03
2.265069381259946724e+00 2.451705603489889775e-03
2.271351266578538919e+00 2.552947106809248801e-03
2.277635010148555850e+00 2.653954049286677639e-03
2.283922963308533394e+00 2.773410413564081009e-03
2.290204538958168001e+00 2.859687006580524399e-03
2.296492854789115245e+00 2.970072876194846962e-03
2.302773836462560286e+00 3.088347724387885147e-03
2.309052848528886148e+00 3.206791142171573194e-03
2.315340397783157922e+00 3.325329178422274917e-03
2.321629550362612981e+00 3.440409045358006155e-03
2.327914834812394584e+00 3.581910687792213589e-03
2.334189028016975698e+00 3.705500110687434071e-03
2.340468735514670495e+00 3.861503641636760287e-03
2.346757573269963704e+00 3.984429911537291230e-03
2.353046701279460251e+00 4.138397800746179689e-03
2.359329919851476554e+00 4.297624598096278989e-03
2.365603805485394950e+00 4.473374536181044456e-03
2.371887442159951398e+00 4.596425387091162412e-03
2.378175480496420580e+00 4.776780330208311651e-03
2.384455602231496218e+00 4.936855697895099759e-03
2.390737631861327372e+00 5.114865806347605563e-03
2.397015688929587718e+00 5.311453044243883564e-03
2.403297559533717376e+00 5.503788861964405144e-03
2.409586419743307228e+00 5.702271471922874986e-03
2.415875314660682172e+00 5.883792502102537167e-03
2.422164535679191655e+00 6.072309998626452925e-03
2.428442137972055104e+00 6.327530148916118632e-03
2.434719213815070837e+00 6.516937841971695046e-03
2.441002915255427563e+00 6.733078439439198551e-03
2.447292244015294216e+00 7.001030980224526648e-03
2.453574548397714494e+00 7.273386547152718706e-03
2.459853950840888093e+00 7.479467731546999253e-03
2.466141393364139400e+00 7.717939657148205693e-03
2.472424340910468477e+00 7.990474594848060580e-03
2.478699559716526224e+00 8.264824098111037132e-03
2.484981956405843295e+00 8.585562191883874816e-03
2.491271774374293368e+00 8.792614843348532314e-03
2.497550925125272325e+00 9.159055790998585356e-03
2.503833126215876170e+00 9.435943271165318086e-03
2.510118697329297710e+00 9.766990285059990937e-03
2.516402124721602629e+00 1.012407477644560252e-02
2.522689938852853420e+00 1.044522559924800260e-02
2.528973288009538134e+00 1.080957909944867297e-02
2.535253600549877362e+00 1.117210764907117931e-02
2.541538941914911476e+00 1.154487507443393776e-02
2.547825021627405206e+00 1.188743736444273016e-02
2.554103008122937002e+00 1.238317187426080969e-02
2.560378237915397648e+00 1.266140226571601211e-02
2.566669017775174755e+00 1.312709136823701078e-02
2.572956571054420216e+00 1.354693598851262545e-02
2.579236104287966125e+00 1.404957559159905264e-02
2.585522655546601989e+00 1.449117272050897548e-02
2.591808172184224546e+00 1.501787517340235842e-02
2.598087543498381002e+00 1.539203835739315525e-02
2.604361437550918978e+00 1.601876095990427060e-02
2.610647591905687293e+00 1.645973974716272853e-02
2.616933270352379548e+00 1.693590816986137448e-02
2.623207934884185466e+00 1.773283794238229849e-02
2.629492944384940412e+00 1.816100410281139971e-02
2.635779602277390499e+00 1.886886960064120683e-02
2.642061794567720945e+00 1.942857646837908153e-02
2.648344685049869529e+00 2.015970488657634063e-02
2.654633852395646088e+00 2.078352474204985673e-02
2.660920832685793602e+00 2.162235946275534518e-02
2.667200003651473139e+00 2.237220918379304382e-02
2.673485665061926309e+00 2.300429018883660276e-02
2.679774189917022653e+00 2.376651403968338058e-02
2.686059197445316293e+00 2.443744542285080854e-02
2.692340742040600254e+00 2.541199315568366118e-02
2.698619785325931719e+00 2.621672186266696750e-02
2.704896067289608741e+00 2.715775648833072126e-02
2.711176296267862273e+00 2.803555130028712733e-02
2.717460477624493720e+00 2.894184729403419254e-02
2.723746785600710485e+00 3.004752771476030399e-02
2.730040839622854598e+00 3.090799938306235117e-02
2.736320462271965681e+00 3.198690507209895478e-02
2.742593167856604897e+00 3.336098781739608998e-02
2.748880654965284887e+00 3.445737735798548584e-02
2.755164406907204988e+00 3.591468223621546024e-02
2.761447966179410241e+00 3.702996015559691101e-02
2.767734949986044413e+00 3.825574426309309717e-02
2.774018204230510154e+00 3.936114234201641693e-02
2.780299459131881701e+00 4.096085647084652531e-02
2.786578380850841974e+00 4.278687076922640942e-02
2.792858749059577761e+00 4.395132463630817277e-02
2.799144688897090116e+00 4.582702251162165674e-02
2.805431744286055018e+00 4.757544567062818586e-02
2.811716466586489993e+00 4.912993967890909308e-02
2.817990514261363710e+00 5.141136864861814426e-02
2.824271178017407902e+00 5.262386032701697053e-02
2.830565310473360352e+00 5.477680230197352201e-02
2.836850361681537702e+00 5.723805290601427509e-02
2.843131259198828698e+00 5.988358889230956106e-02
2.849415373186487965e+00 6.240433861010016153e-02
2.855698064670956882e+00 6.406674232875245178e-02
2.861978975302818640e+00 6.685613713652867329e-02
2.868263635614905827e+00 6.908218616632712250e-02
2.874548572895146759e+00 7.258451724574348229e-02
2.880833509046437424e+00 7.583690962550528047e-02
2.887115914775806313e+00 7.812268601909932997e-02
2.893396211301912935e+00 8.224269054796137790e-02
2.899675259048415388e+00 8.548764825734560258e-02
2.905955807169823046e+00 8.872104417576512359e-02
2.912242784565592046e+00 9.295557292976668051e-02
2.918528489082492516e+00 9.739798841986334332e-02
2.924812236943901578e+00 1.015727675142914649e-01
2.931097264553834236e+00 1.057558739790741276e-01
2.937379046647154990e+00 1.122398754328311071e-01
2.943662417245681340e+00 1.170836077528680935e-01
2.949948997849719756e+00 1.223953145974970846e-01
2.956228453902073561e+00 1.290351024165981020e-01
2.962510840116227673e+00 1.354093298377419541e-01
2.968797192440125965e+00 1.421651414895491183e-01
2.975078489423049533e+00 1.486280790897064608e-01
2.981360447198230457e+00 1.567909945500332025e-01
2.987647323528414223e+00 1.671688157164530897e-01
2.993932064934300641e+00 1.729522742534344848e-01
3.000209551562139421e+00 1.827685744902861897e-01
3.006487470944601892e+00 1.905959697174443579e-01
3.012770586989486521e+00 2.042967360508457508e-01
3.019055028984091837e+00 2.173079061132887069e-01
3.025339593109035885e+00 2.282400381686194579e-01
3.031624651041083141e+00 2.455442039602171722e-01
3.037909525040372927e+00 2.583727311897818235e-01
3.044196264475506730e+00 2.763142330597091467e-01
3.050477886447245712e+00 2.964774305942484700e-01
3.056756711732924625e+00 3.133835625889789256e-01
3.063041213115731409e+00 3.346253745301440152e-01
3.069324013399330031e+00 3.618344093320864374e-01
3.075611272807551533e+00 3.809944947055169395e-01
3.081895489281643030e+00 4.112529529874458523e-01
3.088176199887292306e+00 4.540043893681139364e-01
3.094459112917897325e+00 4.804062506570233038e-01
3.100744234350492956e+00 5.361059906556805421e-01
3.107029324214496846e+00 5.740239168483733945e-01
3.113310425776543600e+00 6.257530369210322352e-01
3.119592029507459507e+00 6.556928870547137356e-01
3.125875559417674587e+00 7.170522920772908204e-01
3.132160147770352676e+00 7.672607491197968033e-01
3.138440210879888337e+00 9.078974361101309620e-01
3.144724491651683440e+00 9.742097414276363887e-01
3.151004924765398840e+00 1.134628896816372023e+00
3.157285342196649136e+00 1.228991519882480343e+00
3.163570603826113992e+00 1.376403760977939594e+00
3.169852350185627277e+00 1.566383467264615525e+00
3.176138770387999966e+00 1.813703597603337769e+00
3.182422419512343836e+00 1.992102313210404763e+00
3.188703671424619746e+00 2.365434841357592077e+00
3.194991280550246948e+00 2.704648646119828914e+00
3.201276738120839127e+00 3.397688535328869719e+00
3.207553033218304872e+00 4.292375952072586820e+00
3.213836161597863672e+00 2.723424650546482084e+00
3.220123259784395398e+00 2.112138910254195707e+03
3.226407551420531483e+00 3.722482793734138262e+00
3.232689305629245613e+00 4.223420235882072049e+00
3.238971071582136041e+00 3.368212551538972477e+00
3.245255685894246067e+00 2.839442303616788177e+00
3.251535715250951863e+00 2.466132060389549796e+00
3.257819502328903827e+00 2.110612869828352167e+00
3.264103492610594071e+00 1.886386389042181255e+00
3.270384810144397303e+00 1.634532648844557734e+00
3.276670428022039783e+00 1.505577452936862404e+00
3.282955566270326919e+00 1.363890508990592387e+00
3.289237716703969916e+00 1.214796598178740750e+00
3.295520653962330293e+00 1.090724592324259223e+00
3.301807644101458550e+00 9.671715739833541825e-01
3.308089302529158449e+00 9.014299237304997936e-01
3.314368987794545252e+00 8.015313200786795544e-01
3.320652691368451315e+00 7.556836226710296200e-01
3.326932422871479833e+00 6.828734002688247040e-01
3.333218115701501727e+00 6.302630501275146013e-01
3.339505861603602188e+00 5.887577777089243458e-01
3.345788344868127595e+00 5.569263353052018584e-01
3.352073190624765164e+00 5.119203449685012508e-01
3.358352694183646125e+00 4.802914011619734413e-01
3.364631227903127186e+00 4.500636128783668810e-01
3.370918965384773536e+00 4.149875970652459611e-01
3.377201513381668629e+00 3.992667976391836016e-01
3.383485934595764633e+00 3.736185527898077119e-01
3.389772491671652066e+00 3.507593970772853731e-01
3.396053991719500509e+00 3.330255929192542097e-01
3.402334005192525712e+00 3.141560810124878200e-01
3.408611853508482170e+00 3.006500945587160523e-01
3.414897839864825535e+00 2.850693703623886632e-01
3.421181285155862728e+00 2.680009549043078088e-01
3.427465364374100876e+00 2.564691325671471511e-01
3.433754096688785840e+00 2.452534976682211876e-01
3.440035356242748144e+00 2.348183206946343748e-01
3.446315808169163386e+00 2.229587126232444316e-01
3.452602963757077426e+00 2.116710135353859767e-01
3.458885619127623823e+00 2.043061066471377751e-01
3.465165758924614980e+00 1.941251482714257126e-01
3.471451503231973046e+00 1.858320187732220852e-01
3.477736678957558336e+00 1.803297593383439423e-01
3.484022358005950615e+00 1.729064748275917496e-01
3.490300354914448899e+00 1.636771710977384664e-01
3.496585015994501777e+00 1.603830742836401813e-01
3.502870831105572069e+00 1.536911085639892094e-01
3.509147722814735637e+00 1.482661304522462087e-01
3.515429662141086098e+00 1.427306382316582967e-01
3.521712008697834850e+00 1.372418424768833412e-01
3.527993736944767811e+00 1.331930384667421863e-01
3.534279159635547618e+00 1.290268322564005199e-01
3.540566564128809546e+00 1.234696115280377871e-01
3.546847878650843722e+00 1.211778342075281734e-01
3.553133555247947939e+00 1.178159148063446654e-01
3.559420214763478363e+00 1.133919669971667904e-01
3.565699480408631494e+00 1.104659305278858639e-01
3.571981368517234134e+00 1.073946816937852017e-01
3.578268698423837879e+00 1.033459435051233000e-01
3.584550774530670392e+00 1.010125497878736761e-01
3.590828935987784298e+00 9.836186243911999860e-02
3.597110718088889492e+00 9.543296692546078541e-02
3.603396512424406506e+00 9.355448644491733134e-02
3.609676747082802173e+00 9.048779547331047002e-02
3.615957977992316330e+00 8.900115977340782025e-02
3.622243580426721010e+00 8.597444819239571934e-02
3.628522628462809596e+00 8.462995476380952287e-02
3.634808120005133425e+00 8.217324956289552562e-02
3.641096965386622752e+00 8.085186809671256192e-02
3.647384913781243299e+00 7.877565735053394802e-02
3.653666753133836043e+00 7.717498957157435668e-02
3.659947726352769770e+00 7.596940386557654579e-02
3.666234893709818365e+00 7.413300752274930294e-02
3.672516996003137191e+00 7.309719729263519650e-02
3.678797940623468765e+00 7.127662455983403700e-02
3.685082198750683435e+00 6.996205803560477665e-02
3.691363013935667237e+00 6.893362977792026614e-02
3.697646206996081375e+00 6.736960457268179048e-02
3.703928900991629636e+00 6.689478073783168555e-02
3.710211472841704605e+00 6.570202538075466114e-02
3.716497167052446926e+00 6.470590835873907265e-02
3.722777172938726675e+00 6.396256994982986444e-02
3.729061287240359235e+00 6.225982903822377401e-02
3.735344545777875336e+00 6.216432712073485800e-02
3.741626449543836941e+00 6.109857581941015997e-02
3.747909505093512728e+00 6.046072941180683641e-02
3.754193016198873689e+00 5.985446333661537804e-02
3.760479637558913790e+00 5.928557136781743148e-02
3.766759446133269851e+00 5.872811781949839605e-02
3.773037643559592702e+00 5.772847416758740413e-02
3.779325182447645037e+00 5.765153797111373379e-02
3.785611241998332765e+00 5.706521828591445272e-02
3.791893886399857028e+00 5.661236589793268437e-02
3.798178379008452232e+00 5.645713129941114933e-02
3.804460597007844669e+00 5.594953767867509586e-02
3.810741293786842121e+00 5.633249991775236831e-02
3.817024656157668172e+00 5.551659779505981746e-02
3.823308984901775620e+00 5.546043383797322895e-02
3.829591178579501598e+00 5.541574488910923357e-02
3.835873668636422096e+00 5.497794112779826048e-02
3.842161045612500381e+00 5.547667585213450492e-02
3.848445733590433626e+00 5.471085170232151129e-02
3.854726100441019820e+00 5.557069433751510301e-02
3.861008152561713036e+00 5.514064561504706391e-02
3.867288667520160317e+00 5.500863127951527431e-02
3.873571407143857837e+00 5.558779523052370664e-02
3.879855154507281689e+00 5.533384113240323587e-02
3.886140680133453706e+00 5.618893007316754645e-02
3.892423554426630350e+00 5.592410572154739995e-02
3.898707135643554089e+00 5.660383946469368238e-02
3.904992757440263862e+00 5.703950184195556022e-02
3.911274451483945036e+00 5.685169679848799118e-02
3.917556732333046021e+00 5.817601260917487638e-02
3.923841166575323225e+00 5.767584043770874330e-02
3.930124816016721478e+00 5.925901066955481522e-02
3.936403665333011226e+00 5.928111732341639212e-02
3.942687802723190860e+00 5.968839993899026364e-02
3.948975148759096498e+00 6.123081237680284145e-02
3.955262046498601247e+00 6.052177978042093398e-02
3.961543413939611291e+00 6.323830934674624926e-02
3.967823997647459411e+00 6.276835866800616059e-02
3.974109649109424769e+00 6.422576607677624172e-02
3.980390315513306465e+00 6.555906332617594812e-02
3.986670633178865497e+00 6.510121414231832826e-02
3.992954341574337374e+00 6.842772858962020699e-02
3.999239437674898312e+00 6.761790260648792295e-02
4.005522652480014045e+00 7.019945992774243027e-02
4.011802048177673718e+00 7.123005201133157660e-02
4.018085141715408426e+00 7.159577263379163226e-02
4.024369535233901729e+00 7.497496869570281774e-02
4.030649783293330124e+00 7.379854529214821546e-02
4.036932679129111357e+00 7.823454413059414969e-02
4.043220418290019325e+00 7.830951247699304008e-02
4.049507661662086200e+00 8.021952920228929418e-02
4.055788045907045891e+00 8.307055901209589588e-02
4.062067059164522043e+00 8.205448577186259806e-02
4.068352854787344874e+00 8.887834091000386405e-02
4.074635659509510788e+00 8.765600628644747150e-02
4.080917054045270831e+00 9.154932846108870814e-02
4.087205686088069889e+00 9.334209019628321446e-02
4.093490301644573393e+00 9.420819857169238087e-02
4.099770438207295697e+00 1.011360656837563404e-01
4.106052527015961573e+00 9.969687813276258137e-02
4.112336138144955910e+00 1.060311699560817084e-01
4.118621532583603972e+00 1.067051874840596742e-01
4.124903585067976941e+00 1.103307802262283033e-01
4.131182712642240240e+00 1.159125767435731230e-01
4.137468630000815217e+00 1.136540595312327956e-01
4.143753536347550614e+00 1.262389535307162081e-01
4.150036722937140432e+00 1.238270399178912073e-01
4.156319556835904372e+00 1.301892387932408468e-01
4.162601167118149981e+00 1.355768828036522933e-01
4.168887134570721464e+00 1.341009317757438091e-01
4.175169561765874171e+00 1.491160185864955634e-01
4.181452242899395877e+00 1.453419255497063745e-01
4.187739255360579449e+00 1.582186742623908904e-01
4.194021594670000574e+00 1.598721858483882485e-01
4.200300760695198754e+00 1.633188062384422490e-01
4.206583573312412838e+00 1.769320730627476357e-01
4.212864548425995892e+00 1.707818061353485184e-01
4.219147128485455589e+00 1.962191714246717400e-01
4.225433661438403377e+00 1.903790559901215595e-01
4.231718368477329406e+00 2.037895290946978855e-01
4.237998895475036498e+00 2.130655633001367621e-01
4.244279597466258380e+00 2.060529804212270499e-01
4.250566280105218198e+00 2.457431072531590655e-01
4.256851587952112936e+00 2.284993270816676469e-01
4.263132860899111698e+00 2.566081217791305047e-01
4.269414568915884445e+00 2.624762384849699259e-01
4.275698115740782512e+00 2.626282013154742079e-01
4.281980156021848671e+00 3.040679688479754339e-01
4.288263338818810944e+00 2.801125938631051637e-01
4.294548516739729926e+00 3.384500732917208321e-01
4.300830910891001224e+00 3.224582468273979874e-01
4.307114686814344395e+00 3.482505153805252607e-01
4.313397714262970695e+00 3.786623542052411362e-01
4.319680042548951882e+00 3.461155815279111647e-01
4.325962677260454470e+00 4.538043414377759266e-01
4.332247955255882133e+00 4.063109691456410211e-01
4.338534851577296791e+00 4.776857322549922791e-01
4.344817821624197940e+00 4.767095656937355153e-01
4.351099303949236052e+00 4.708541315877744493e-01
4.357383544198474290e+00 6.006592994469213131e-01
4.363669160634735533e+00 5.152298562235095858e-01
4.369952160826413134e+00 6.794492579977965407e-01
4.376231841677308942e+00 6.175113951140431823e-01
4.382510196913425915e+00 6.996767922076646551e-01
4.388795959382868261e+00 7.830092780687073484e-01
4.395079843903230810e+00 6.602830545560143261e-01
4.401360933733665881e+00 1.009427873580645896e+00
4.407643714302012405e+00 8.089795667557130310e-01
4.413926461136920665e+00 1.107087514865099376e+00
4.420212544897195173e+00 1.035417534399136308e+00
4.426495749838379012e+00 9.932615288777858487e-01
4.432779159072235409e+00 1.538018768306346873e+00
4.439059915458222427e+00 1.108991458830694610e+00
4.445341878237662137e+00 1.810071695079702225e+00
4.451628428868033005e+00 1.391810664501242689e+00
4.457914551035861095e+00 1.895498473038635723e+00
4.464200235517868265e+00 2.031816248726760588e+00
4.470482182628605194e+00 1.666408309862078774e+00
4.476764673345638990e+00 3.264027782435275249e+00
4.483049464187839561e+00 2.117448983737931556e+00
4.489333155731497271e+00 4.028691951277854066e+00
4.495613345822325080e+00 2.870017994527623628e+00
4.501892119142445026e+00 2.806898000849804120e+00
4.508175121787952655e+00 6.086212322178283785e+00
4.514460900366407792e+00 3.680013370447425824e+00
4.520742053546796591e+00 8.677997863941962819e+00
4.527023810359859013e+00 5.543188397267782008e+00
4.533308960469576654e+00 1.111090639960168858e+01
4.539592363903683037e+00 6.916679804869480641e+00
4.545874919538348990e+00 5.023117120113736789e+00
4.552157687156885402e+00 2.460800565828347317e+03
4.558443781612104395e+00 7.110686069731816161e+00
4.564727638565654111e+00 1.303157444082241767e+01
4.571009437592583602e+00 5.500532215485532284e+00
4.577294624203679163e+00 4.559520584581536085e+00
4.583578089646453968e+00 7.738429509038813769e+00
4.589862179487309568e+00 3.545814077113131013e+00
4.596143999485379439e+00 5.592543995588755479e+00
4.602425263016355572e+00 3.006882815434702039e+00
4.608712017363744806e+00 3.279388181811731418e+00
4.614996038799121791e+00 3.440040991055852704e+00
4.621277296175202665e+00 2.071882666920925153e+00
4.627559936726636458e+00 3.057188161886434941e+00
4.633841741478233800e+00 1.787167209868104178e+00
4.640122475394416135e+00 2.119927201076503120e+00
4.646404355152583321e+00 1.838201974641337832e+00
4.652690604636823046e+00 1.346173499959810727e+00
4.658976230417983366e+00 1.905840876150230789e+00
4.665257901055365863e+00 1.242850796198260666e+00
4.671540647875587204e+00 1.454220375883928273e+00
4.677823961431464284e+00 1.211113950987247723e+00
4.684108235097336426e+00 9.480871047401692175e-01
4.690391798870516382e+00 1.302791400958704937e+00
4.696675467203847987e+00 8.760886137191454814e-01
4.702958737792436672e+00 1.024849057542149611e+00
4.709239588303709922e+00 8.519359896755529515e-01
4.715521529300301218e+00 7.872673049911966814e-01
4.721804241650856326e+00 8.521661173758600105e-01
4.728088995851720711e+00 6.652096824080053761e-01
4.734372372593826483e+00 7.829419695609383112e-01
4.740653441478511532e+00 6.319871252734656775e-01
4.746937690136521226e+00 6.319840315610973924e-01
4.753220866740556438e+00 6.215184954732408951e-01
4.759499584445610942e+00 5.152615845146011342e-01
4.765784674643524177e+00 5.964178823765949877e-01
4.772072066667437440e+00 4.955201995940021198e-01
4.778354574712954772e+00 5.050666156444559851e-01
4.784639688699459548e+00 4.753675057713804275e-01
4.790924571112255670e+00 4.281185330520035914e-01
4.797207630427470448e+00 4.658777195239951485e-01
4.803491281906666188e+00 3.926982599649714856e-01
4.809774797188141271e+00 4.167022836588380463e-01
4.816055012942697999e+00 3.784825755257669733e-01
4.822335756210613056e+00 3.594722465811064360e-01
4.828618372965728156e+00 3.657117098926646603e-01
4.834902420031529147e+00 3.242673818241216810e-01
4.841185408631580422e+00 3.472909525758771099e-01
4.847466912745727718e+00 3.115175564886220605e-01
4.853753607692918415e+00 3.072104797975760415e-01
4.860040654770696023e+00 3.011183605815517250e-01
4.866322071713594433e+00 2.748178236006998398e-01
4.872604241020684235e+00 2.923280860413820514e-01
4.878889019589767173e+00 2.624365398617081180e-01
4.885169833709484877e+00 2.649036766098254447e-01
4.891451276335970988e+00 2.529193170396295542e-01
4.897735676523086390e+00 2.406191307892853737e-01
4.904020888466774863e+00 2.446271688429851598e-01
4.910302466098539043e+00 2.252393576578670398e-01
4.916582728670469749e+00 2.314482622631017505e-01
4.922870405746558653e+00 2.184017808218823575e-01
4.929152603204811633e+00 2.139930070482775337e-01
4.935433400905724355e+00 2.121007314048150016e-01
4.941720002621369012e+00 1.976583450808538922e-01
4.948000629162284447e+00 2.053482475125773810e-01
4.954284600437537378e+00 1.924346210860632678e-01
4.960568964118362345e+00 1.917836378493485150e-01
4.966849452054189484e+00 1.867427429640163283e-01
4.973133312553746244e+00 1.802160133660675734e-01
4.979416667731975110e+00 1.833623817529261568e-01
4.985701847394269137e+00 1.731067309776334606e-01
4.991986126907685062e+00 1.745320871127627183e-01
4.998266089552569014e+00 1.705294249662919481e-01
5.004548850075229538e+00 1.662491344315598918e-01
5.010834613416704109e+00 1.665464098215814204e-01
5.017114133618883365e+00 1.591693069807385008e-01
5.023396754503464123e+00 1.633329275246373502e-01
5.029682555385535103e+00 1.575790403622794600e-01
5.035962952494468681e+00 1.559103265076131617e-01
5.042248916723991670e+00 1.560098118091377273e-01
5.048534518437475249e+00 1.518285141108835223e-01
5.054817055058077102e+00 1.543758202634236687e-01
5.061103124450734292e+00 1.483492606866961827e-01
5.067385418511126005e+00 1.514011887667992828e-01
5.073665350133166108e+00 1.496243951411677098e-01
5.079944158568527435e+00 1.463823936642302537e-01
5.086229157971559722e+00 1.476705862013737158e-01
5.092516081670024342e+00 1.461435299647975139e-01
5.098799062815714933e+00 1.488341184830381525e-01
5.105081564999609967e+00 1.459249681970458123e-01
5.111362075909486435e+00 1.458778271108777946e-01
5.117646708276604173e+00 1.483116690824644313e-01
5.123931579419740423e+00 1.456787375989350708e-01
5.130214175713612157e+00 1.480487496239560330e-01
5.136495802354272833e+00 1.486403860882450079e-01
5.142780182582010973e+00 1.509085690608653052e-01
5.149064547742418618e+00 1.502776526494208342e-01
5.155344632471284605e+00 1.490876466369368825e-01
5.161628512901673460e+00 1.563589313748968979e-01
5.167914708882204167e+00 1.549748515703042728e-01
5.174198770587969065e+00 1.560803657515217324e-01
5.180481984271699147e+00 1.568592017281353335e-01
5.186765863297754464e+00 1.633085275685287885e-01
5.193047702705746893e+00 1.648669932303440666e-01
5.199327701301567295e+00 1.643340377857532841e-01
5.205610051315074038e+00 1.687896445117047506e-01
5.211893783792568513e+00 1.744253743205451401e-01
5.218178654991308285e+00 1.770533086382798937e-01
5.224460565579556182e+00 1.766901843331667721e-01
5.230741351715697540e+00 1.852191906735239646e-01
5.237027120177700112e+00 1.925438528221666834e-01
5.243314739467697549e+00 1.924894741446436242e-01
5.249595278023606149e+00 1.939267954523920257e-01
5.255875849079584938e+00 2.097021668958252982e-01
5.262158673469957471e+00 2.122389058329247069e-01
5.268439395112831214e+00 2.146289751390488276e-01
5.274722108206590931e+00 2.186017347074517558e-01
5.281007345641278938e+00 2.375783889714065400e-01
5.287293380248259567e+00 2.409088253895503573e-01
5.293576735145029133e+00 2.422699171594765721e-01
5.299860851423467523e+00 2.542894713494042724e-01
5.306144493245258609e+00 2.757810133893433546e-01
5.312427159026070100e+00 2.793398431007657057e-01
5.318710177455853838e+00 2.749227167265227423e-01
5.324993165098304893e+00 3.091823866006201404e-01
5.331278074387978627e+00 3.251711427794188314e-01
5.337561778582737837e+00 3.275840339564297654e-01
5.343844392417137712e+00 3.243694019763947445e-01
5.350127046241198059e+00 3.770694193403861250e-01
5.356410632573585850e+00 3.897268063723145493e-01
5.362696075374680404e+00 3.916853026509323765e-01
5.368977622023428431e+00 3.991263275590021808e-01
5.375259264787404234e+00 4.657988721804510734e-01
5.381542175673222239e+00 4.857215107739319970e-01
5.387824976115930475e+00 4.662720539690386468e-01
5.394108529100064331e+00 5.221019518890333000e-01
5.400390002504265929e+00 5.945424461451399578e-01
5.406673750202084960e+00 5.989093552088394778e-01
5.412955699794467890e+00 5.544572152610364180e-01
5.419237955148318520e+00 6.994675760736210890e-01
5.425523090525197212e+00 7.671178920845176386e-01
5.431805715860540396e+00 7.799739394098201828e-01
5.438090831113179924e+00 6.929110922795707062e-01
5.444374481405862554e+00 9.784891612933069860e-01
5.450656385985535479e+00 1.044787073171504987e+00
5.456941012042004324e+00 1.051578687658568878e+00
5.463223574256159232e+00 9.725222366414382202e-01
5.469506233746614043e+00 1.376074060864306725e+00
5.475791313392783799e+00 1.466273298794260160e+00
5.482076520806099751e+00 1.373383570914705976e+00
5.488361758921633360e+00 1.445818844683621318e+00
5.494642978338553085e+00 2.051487791012446937e+00
5.500922328851260090e+00 2.294765959797646637e+00
5.507204020884158169e+00 1.650400177234817578e+00
5.513487086383534574e+00 2.718143777211947221e+00
5.519772673170036725e+00 3.331871789082338609e+00
5.526055063335959083e+00 3.554282501631903290e+00
5.532333106276354329e+00 2.504574815332658133e+00
5.538615491667449930e+00 4.749676223900250349e+00
5.544903720115636148e+00 5.901983564320923747e+00
5.551187288815954801e+00 7.091369604587525188e+00
5.557470531467981090e+00 4.309272021679106501e+00
5.563755611658447897e+00 8.041232608660781267e+00
5.570037554875349350e+00 1.272121241699890106e+03
5.576319117887759802e+00 7.533499014143249184e+00
5.582602002155147680e+00 5.013262460475126581e+00
5.588888631490213754e+00 8.046952533145962150e+00
5.595175275496153233e+00 6.462991349862513779e+00
5.601458712915984961e+00 3.001903751895091066e+00
5.607739290868620330e+00 4.967834931724496528e+00
5.614020862542647983e+00 4.149029845793048565e+00
5.620301751604071860e+00 3.484419823998047505e+00
5.626585003660349749e+00 1.960092257563603280e+00
5.632870193703824135e+00 3.022786681778833806e+00
5.639149634200363970e+00 2.575730165772389668e+00
5.645432108629827361e+00 2.003089746254293591e+00
5.651717488754057328e+00 1.524271246031021709e+00
5.658002094958268557e+00 1.891575859729603293e+00
5.664286976960462461e+00 1.614271003700882279e+00
5.670566925585673879e+00 1.175420197055229821e+00
5.676852042208761162e+00 1.300777380677260009e+00
5.683137388589912575e+00 1.296266096034321968e+00
5.689418158699685257e+00 1.122998771877746549e+00
5.695702068056029077e+00 8.528398533057063302e-01
5.701985967982890813e+00 1.069361983476184053e+00
5.708271056387263620e+00 9.467672565815669072e-01
5.714552979709825564e+00 8.111539417097272109e-01
5.720831601415190093e+00 7.108668218038491915e-01
5.727115355927898221e+00 7.953947364643092488e-01
5.733398957275753105e+00 7.158125220810417355e-01
5.739684091351107575e+00 6.062386106263938368e-01
5.745967659604392708e+00 6.101377540256159859e-01
5.752250391047120992e+00 6.114067797156588213e-01
5.758534671789668380e+00 5.587088873450810622e-01
5.764815058099513223e+00 4.798382606693302188e-01
5.771097431484660589e+00 5.281211864232469022e-01
5.777380386878713026e+00 4.920118313122245346e-01
5.783664936364128373e+00 4.494500068989662478e-01
5.789947151929451863e+00 4.098980534179380020e-01
5.796231493774793186e+00 4.349969111130995714e-01
5.802516691340624533e+00 4.050311632015267671e-01
5.808797995112186641e+00 3.707017615092615959e-01
5.815082184083208539e+00 3.608892227916353224e-01
5.821365271507954020e+00 3.663976878537638648e-01
5.827645525290467532e+00 3.398708380214964242e-01
5.833928171908906890e+00 3.124234878203406840e-01
5.840215967589452717e+00 3.192785461986399342e-01
5.846501812893647454e+00 3.109845267575959693e-01
5.852781909673957728e+00 2.916593227717108050e-01
5.859063783293738226e+00 2.717892763290032931e-01
5.865349571500913406e+00 2.839427061034801025e-01
5.871632939480924129e+00 2.693307839457874664e-01
5.877914823986006176e+00 2.545967988989681352e-01
5.884196626054889023e+00 2.479588399699659829e-01
5.890479074317132913e+00 2.523629658057072178e-01
5.896763574100915228e+00 2.382760199744660690e-01
5.903046036848450306e+00 2.270184979440819928e-01
5.909328377713869429e+00 2.262010500001979951e-01
5.915613028288355224e+00 2.251798245543209231e-01
5.921894409622731281e+00 2.150760660302614147e-01
5.928177134794152536e+00 2.078973644045015445e-01
5.934464774883918992e+00 2.102756476704264466e-01
5.940751250578068188e+00 2.054563913398476382e-01
5.947033452245725549e+00 1.987225454433584892e-01
5.953312775740306151e+00 1.917248649477744649e-01
5.959594106507988265e+00 1.952576408239763417e-01
5.965876424548630652e+00 1.906550596663387498e-01
5.972161112468720390e+00 1.856138110118950579e-01
5.978446099492319199e+00 1.828515159419408231e-01
5.984727467931779010e+00 1.842196388103735927e-01
5.991012985181142447e+00 1.790431699482091799e-01
5.997297612744741713e+00 1.761589612378570424e-01
6.003577416164464609e+00 1.762253145063406856e-01
6.009860806138807909e+00 1.754263868819315175e-01
6.016144510375737831e+00 1.738775078535740037e-01
6.022426254013592661e+00 1.709885806135465480e-01
6.028706803290871719e+00 1.728704832899622124e-01
6.034987951204773715e+00 1.712979432300983373e-01
6.041274067685003857e+00 1.688411004244657621e-01
6.047558134944117647e+00 1.688625012234119815e-01
6.053840825089524813e+00 1.708574506893454359e-01
6.060125328398456190e+00 1.704577175999980876e-01
6.066409969294784155e+00 1.693779719396177330e-01
6.072694327029352301e+00 1.695673764635620695e-01
6.078974651295977694e+00 1.716270408558341065e-01
6.085257277597498238e+00 1.715252822728656201e-01
6.091541245232643398e+00 1.725401501563924300e-01
6.097826243439735450e+00 1.746091928091021150e-01
6.104111770776667889e+00 1.758292391321029657e-01
6.110396747466277034e+00 1.768397264524853296e-01
6.116679071538609236e+00 1.766551554572073635e-01
6.122958529493147672e+00 1.815795249694451552e-01
6.129240445810509641e+00 1.819234469701340728e-01
6.135524780557309654e+00 1.849845766221033805e-01
6.141807474577858805e+00 1.866742063990061706e-01
6.148089386189230510e+00 1.916459084033737825e-01
6.154375713159891070e+00 1.952520964250261948e-01
6.160661139581105950e+00 1.998295788609736889e-01
6.166941022971138331e+00 2.007085076807667567e-01
6.173222562097184785e+00 2.059826970618355013e-01
6.179507647741183440e+00 2.119957421588760660e-01
6.185789356936125749e+00 2.153049767461662489e-01
6.192072249861043431e+00 2.196348587140317943e-01
6.198356783359496802e+00 2.268394486999791015e-01
6.204641274559973496e+00 2.342600075679607818e-01
6.210924271106035732e+00 2.396766245163056697e-01
6.217206768102415460e+00 2.464128712518875719e-01
6.223486202302879633e+00 2.524888584999854801e-01
6.229767722260432627e+00 2.637475919414080661e-01
6.236054214854060085e+00 2.687575495406551718e-01
6.242340046436461343e+00 2.771433439428103163e-01
6.248623268972994360e+00 2.906970993965418693e-01
6.254906079998900026e+00 2.959771562548682011e-01
6.261190798611801611e+00 3.104063449401723851e-01
6.267470893840453527e+00 3.259521139657785005e-01
6.273752395561465356e+00 3.405034137006794914e-01
6.280038415116336203e+00 3.584849181474640267e-01
6.286322359143823313e+00 3.685474103756742337e-01
6.292605930180390494e+00 3.820179105737135372e-01
6.298890629102372074e+00 3.951025923628930792e-01
6.305171573266470375e+00 4.231317445708863700e-01
6.311455101240412091e+00 4.332337541749809451e-01
6.317739752668598996e+00 4.674912420019838311e-01
6.324019791664828638e+00 4.817006277169901818e-01
6.330300090404453961e+00 5.173859566716513259e-01
6.336582976227302488e+00 5.454158684065802953e-01
6.342866512790590328e+00 5.605410960498166117e-01
6.349149664171966911e+00 5.936335511641728235e-01
6.355436214245748339e+00 6.524894728848966707e-01
6.361722100221464338e+00 6.648953121650429399e-01
6.368004157429771439e+00 7.373943796241612114e-01
6.374285543992137093e+00 7.556235346376510842e-01
6.380569360201161722e+00 7.921462578926615761e-01
6.386853196179592906e+00 8.351381889626052768e-01
6.393134053012607509e+00 9.532626990183676874e-01
6.399418824019404539e+00 9.742069969785905892e-01
6.405704396360532904e+00 9.874662396284877852e-01
6.411984928491945013e+00 1.000713396195842542e+00
6.418265745466296579e+00 1.146050428085898965e+00
6.424549958658937854e+00 1.097033506340615139e+00
6.430834939158401653e+00 1.079135393102962137e+00
