8.899641653093008295e-03 3.410788902869591688e+00
1.539332528288165670e-02 4.016253153483072325e+00
2.155046762996598239e-02 3.864797491776315486e+00
2.783660762585126597e-02 3.394086528028178673e+00
3.439928854529101382e-02 2.867493849534255013e+00
4.083988908678293228e-02 2.428762435913085938e+00
4.696089820801348236e-02 2.125616012794384169e+00
5.319831544433587661e-02 1.925441605704171222e+00
5.953007160048735813e-02 1.782551869174890280e+00
6.593106050382960270e-02 1.655201561134178379e+00
7.211112823241795644e-02 1.526768298026842885e+00
7.840743265709380905e-02 1.371685275394462167e+00
8.486374147573563786e-02 1.205502921347939793e+00
9.105720993371453631e-02 1.060889876069013527e+00
9.723119438183111529e-02 9.383130283043032982e-01
1.035474523099094157e-01 8.388770889995929014e-01
1.098380096325790867e-01 7.560245659275230956e-01
1.160878800454857029e-01 6.847973032277376859e-01
1.223769048302436324e-01 6.245459288916320739e-01
1.287591547856025143e-01 5.705674501117311559e-01
1.350589943281513827e-01 5.251545824055589007e-01
1.412290290659165837e-01 4.854040842942068390e-01
1.475161690700088069e-01 4.499328439391915846e-01
1.537996369822966225e-01 4.174713481744044552e-01
1.601026478659483554e-01 3.890583969921221907e-01
1.664508001660549019e-01 3.638911553379169384e-01
1.727583237560037233e-01 3.403055402530069107e-01
1.790245845132147351e-01 3.197969770700918035e-01
1.852702546080971790e-01 3.008787388493548987e-01
1.914887492119529966e-01 2.841001587990520383e-01
1.977904085892937536e-01 2.682938487579814013e-01
2.041115446406587541e-01 2.538564325663511534e-01
2.104256850836569714e-01 2.404204701206140160e-01
2.167058561960866769e-01 2.282590154468442378e-01
2.229761248051159717e-01 2.171954782107565485e-01
2.292828550697881274e-01 2.065393698759026564e-01
2.355310205895554676e-01 1.970277533410657034e-01
2.418144967727207939e-01 1.880574044605912987e-01
2.481043196360692704e-01 1.798658691755699868e-01
2.543667409246888611e-01 1.722040870751390951e-01
2.606678092543103231e-01 1.649466982767513190e-01
2.669430136113040697e-01 1.577978063713902646e-01
2.732519464783976226e-01 1.515069089711933159e-01
2.795627339315375770e-01 1.456858440211360184e-01
2.858373502475139438e-01 1.400040430047578555e-01
2.920953075698756729e-01 1.347767173458779832e-01
2.983525092968341563e-01 1.296733148424312476e-01
3.046702740008471189e-01 1.250161072985390975e-01
3.109590627528140416e-01 1.205033897662710768e-01
3.172239916515500191e-01 1.163235641311813062e-01
3.235299724572279767e-01 1.123799561226207638e-01
3.298388395071043533e-01 1.086330410499499743e-01
3.361383844359337458e-01 1.049476946675341055e-01
3.423877713306480719e-01 1.016619637146162214e-01
3.486623155692267217e-01 9.848385921698989132e-02
3.549448882949312045e-01 9.531185278279860618e-02
3.611996781549324798e-01 9.241049082182362095e-02
3.674875026172954029e-01 8.956600448131472880e-02
3.737698636248200090e-01 8.693856383053934211e-02
3.800714314497639634e-01 8.433662452360753126e-02
3.863585763589229560e-01 8.197725875212846791e-02
3.926354401118986037e-01 7.957381773146544879e-02
3.989457585494922132e-01 7.735002596635760785e-02
4.052156663313305485e-01 7.516333673598836473e-02
4.115034152883392804e-01 7.315736517459274502e-02
4.177905076349040514e-01 7.113268050802339093e-02
4.240487051047501788e-01 6.924684020294541442e-02
4.303463415118498614e-01 6.735642773642333547e-02
4.366358695421740932e-01 6.571952845254694364e-02
4.429029287921816826e-01 6.399944203598272041e-02
4.491680252572889942e-01 6.244796202762763898e-02
4.554486850820457788e-01 6.084904171958277486e-02
4.617725565885423267e-01 5.931877936863726858e-02
4.680757412093953795e-01 5.788142087091318472e-02
4.743564916629640638e-01 5.649748413543256159e-02
4.806425428564732871e-01 5.511809256441230209e-02
4.869129233098823395e-01 5.381352771515714173e-02
4.931745196394184405e-01 5.258840601821235250e-02
4.994506890543656263e-01 5.139639068547344897e-02
5.057241638978529075e-01 5.019451429367112472e-02
5.120042719980517631e-01 4.905757019016664111e-02
5.183192340646139984e-01 4.794615807181714512e-02
5.246161892892522438e-01 4.695417576149934352e-02
5.308869673046785476e-01 4.584774524707511956e-02
5.371637224096752483e-01 4.485082167408198373e-02
5.434652729571635144e-01 4.393188962070899983e-02
5.497524178004593587e-01 4.299728249409581760e-02
5.559970921381958142e-01 4.203773229731869177e-02
5.622866379023159222e-01 4.118013643833114829e-02
5.686033203527380842e-01 4.026386689885709524e-02
5.748823709563090079e-01 3.941877674065186188e-02
5.811585199734176088e-01 3.864310461924980872e-02
5.874446517276211699e-01 3.786469145279533488e-02
5.937246335834056588e-01 3.709046659461606027e-02
6.000023445208265693e-01 3.633546378388514964e-02
6.062700655927123483e-01 3.559466421085391574e-02
6.125564878198721530e-01 3.493632817696122606e-02
6.188675697062213654e-01 3.425306886733340411e-02
6.251436203714340056e-01 3.356364661994218346e-02
6.314092032308914471e-01 3.291769098332425481e-02
6.377070744462735030e-01 3.227894832682461773e-02
6.439915699782213787e-01 3.166289268564055626e-02
6.502746657481665027e-01 3.101722711746862995e-02
6.565654463687421449e-01 3.048589512879842922e-02
6.628457378217490481e-01 2.987793422705248975e-02
6.691273712706959920e-01 2.929311307607411832e-02
6.754135024521100705e-01 2.875228965093841807e-02
6.816942288653291548e-01 2.821979866324736061e-02
6.879707219643064198e-01 2.771242154455257414e-02
6.942401964891569133e-01 2.717526708584892120e-02
7.005213539313046578e-01 2.668898907014325902e-02
7.068163049835881617e-01 2.619162891777111757e-02
7.131046379544038194e-01 2.571799716329665336e-02
7.193979933183044517e-01 2.525585864199585834e-02
7.256912769458278012e-01 2.480433223811724652e-02
7.319732112087881104e-01 2.438576584681322393e-02
7.382575498732680819e-01 2.388635418466989249e-02
7.445309219837563663e-01 2.347580179914865797e-02
7.507908721544984676e-01 2.304596539287349574e-02
7.570762748651901353e-01 2.267583867032240894e-02
7.633652442780797243e-01 2.223798637916276147e-02
7.696523768503739094e-01 2.184354314535497804e-02
7.759443911184177312e-01 2.146832874650424217e-02
7.822388793759307291e-01 2.107929241247844324e-02
7.885422505712965657e-01 2.072856023150777827e-02
7.947958170677573708e-01 2.035165881881693950e-02
8.010501857211035359e-01 2.000416140889324165e-02
8.073371699120777123e-01 1.964143184040794549e-02
8.136256953004623593e-01 1.930510595953279299e-02
8.199185768310989220e-01 1.896490937453203587e-02
8.261975950269245805e-01 1.863700962795798374e-02
8.324916626456120294e-01 1.831712107223565020e-02
8.387980487119468531e-01 1.796821949525722467e-02
8.450681625339854230e-01 1.769045343549199151e-02
8.513326310877129544e-01 1.735945651762133349e-02
8.576229699198910650e-01 1.707179336218165797e-02
8.639079722665760075e-01 1.676640753723861177e-02
8.701845317394016899e-01 1.648881979246098056e-02
8.764647451447489246e-01 1.619037386264365191e-02
8.827524554796379874e-01 1.591702725155295234e-02
8.890360933084631156e-01 1.565435665072149179e-02
8.953122302139767674e-01 1.539009378892610552e-02
9.015989135410911182e-01 1.509553612596550159e-02
9.078856597069530077e-01 1.485287162069316713e-02
9.141777176955673267e-01 1.459252442686201010e-02
9.204705311210197305e-01 1.432579046602109295e-02
9.267502199878263625e-01 1.408268726569747095e-02
9.330346272813238029e-01 1.384022559339185242e-02
9.393297286529698198e-01 1.361329960839126850e-02
9.456020466528652912e-01 1.337367581210706195e-02
9.518687891863797379e-01 1.312509740647245689e-02
9.581418737840891042e-01 1.291843003031029058e-02
9.644369887048810375e-01 1.269709616085492113e-02
9.707375181351720617e-01 1.244735689722130390e-02
9.770097663529486720e-01 1.224935254867604538e-02
9.832835755838400527e-01 1.203427238877425968e-02
9.895569992810110405e-01 1.181930470243469644e-02
9.958480710782616763e-01 1.160636101169458187e-02
1.002138575493429995e+00 1.141316647955653921e-02
1.008406592376542843e+00 1.121408198970780777e-02
1.014697842972237973e+00 1.101871037490019349e-02
1.020995892874764666e+00 1.081540512991532865e-02
1.027276368069287793e+00 1.062593217408959803e-02
1.033563189136701643e+00 1.045002164241426272e-02
1.039851148620366539e+00 1.026438696635559485e-02
1.046127943161246687e+00 1.008018807426259641e-02
1.052404895272092133e+00 9.893855245231848727e-03
1.058683000430492127e+00 9.720859812779826178e-03
1.064967127327474117e+00 9.541253577145700562e-03
1.071258688161570438e+00 9.375647190014152824e-03
1.077544330604543799e+00 9.216302654487966428e-03
1.083828423436568711e+00 9.044453899197408414e-03
1.090113342297217791e+00 8.874183562329667971e-03
1.096393171946581147e+00 8.714113252058234421e-03
1.102683425690332397e+00 8.559776785743083288e-03
1.108964675464843452e+00 8.403458686535643374e-03
1.115226705913353378e+00 8.256829081285927893e-03
1.121503167812783808e+00 8.105777179221906187e-03
1.127793382225193985e+00 7.957911316625161657e-03
1.134092036465484288e+00 7.808960970727817780e-03
1.140366923395659482e+00 7.675349253400705514e-03
1.146641931784804447e+00 7.523572214338524432e-03
1.152944617322677390e+00 7.386890441675847928e-03
1.159230356871362666e+00 7.251070875226497264e-03
1.165510994903905084e+00 7.114491084391163893e-03
1.171794297100004156e+00 6.984453265379908862e-03
1.178088255559602393e+00 6.849644646753564117e-03
1.184371772446566995e+00 6.724719899347576108e-03
1.190639487122887363e+00 6.596527721414025339e-03
1.196916336380001056e+00 6.470982786058348743e-03
1.203204375371396573e+00 6.349990676203749913e-03
1.209488225901738323e+00 6.237882787570006755e-03
1.215765679709200020e+00 6.108990091661246208e-03
1.222058041744503942e+00 6.002162135224567777e-03
1.228350115998196657e+00 5.878005969707051151e-03
1.234637679107109420e+00 5.769438242898644771e-03
1.240908145406735441e+00 5.655534402977326243e-03
1.247180835746598104e+00 5.558035944947798193e-03
1.253468531500335770e+00 5.434345965530306896e-03
1.259751636995439350e+00 5.334810756025949036e-03
1.266035077425267108e+00 5.227995897537561672e-03
1.272321570618527797e+00 5.125645525329400494e-03
1.278608208280544778e+00 5.035707146379656170e-03
1.284887298154571367e+00 4.919523860705072617e-03
1.291176964274221017e+00 4.836211841656115444e-03
1.297469848393144831e+00 4.736086363614036045e-03
1.303745183221867832e+00 4.639839923388595390e-03
1.310019952103037566e+00 4.545598267901492309e-03
1.316304889985511428e+00 4.459346828724074056e-03
1.322589692250816240e+00 4.372457313490291618e-03
1.328868076233011619e+00 4.281977986179873186e-03
1.335146302472670188e+00 4.190504797891476257e-03
1.341442338921303268e+00 4.109548535933959731e-03
1.347732504022160827e+00 4.022159732501058918e-03
1.354002360904259961e+00 3.940870429150315941e-03
1.360285090555885645e+00 3.860579152074296565e-03
1.366569991348876023e+00 3.784236849614559979e-03
1.372854357884312648e+00 3.704908382824871876e-03
1.379136732473180915e+00 3.624313943561254837e-03
1.385410660878153122e+00 3.556780935557017111e-03
1.391699780091347760e+00 3.477615733129299763e-03
1.397986514487977949e+00 3.404532635242293707e-03
1.404269431125305445e+00 3.336659339478808845e-03
1.410558481592738334e+00 3.264841551413494823e-03
1.416841921169897933e+00 3.195881446082146290e-03
1.423120638450376285e+00 3.128896085011180321e-03
1.429399525711986918e+00 3.064874720644011896e-03
1.435687195920436032e+00 2.996200253834561088e-03
1.441978909597384506e+00 2.932597525750229271e-03
1.448256353182435952e+00 2.867962786764059226e-03
1.454533979889224504e+00 2.808286923133119974e-03
1.460823291195719742e+00 2.750724369572992399e-03
1.467115297699349785e+00 2.688961890722912224e-03
1.473396431849603117e+00 2.628178115293651907e-03
1.479672187129404293e+00 2.568762768716930430e-03
1.485957336950811003e+00 2.519973111725859038e-03
1.492235428844137068e+00 2.461585865256226118e-03
1.498505563158792242e+00 2.406932154948044494e-03
1.504788033368229971e+00 2.357327275430370125e-03
1.511077562324459223e+00 2.304185418070450915e-03
1.517363063341846008e+00 2.249170408375785000e-03
1.523653270341324806e+00 2.204623008808428552e-03
1.529942912799504340e+00 2.154967817150884105e-03
1.536231829420274808e+00 2.106974810012311305e-03
1.542513327069792606e+00 2.057867754696787385e-03
1.548785556440221534e+00 2.012677886012863380e-03
1.555073465503286512e+00 1.971531487875554517e-03
1.561358245907146003e+00 1.921936742314966830e-03
1.567631451431686029e+00 1.882816310028686364e-03
1.573918013544226335e+00 1.837337062992737413e-03
1.580207648268701970e+00 1.797644596252390712e-03
1.586489494063065386e+00 1.755897274354933923e-03
1.592763080732128689e+00 1.718553029399949323e-03
1.599049662621118140e+00 1.679536110942203911e-03
1.605345053337696948e+00 1.640120033640458811e-03
1.611620459129566862e+00 1.602690289754054448e-03
1.617898365736541777e+00 1.567863443786521056e-03
1.624184845436249969e+00 1.531225608079217829e-03
1.630466505740439054e+00 1.497208643343204103e-03
1.636751035144561328e+00 1.463662188080931160e-03
1.643032775792161226e+00 1.428802408738210445e-03
1.649311205731157637e+00 1.397975545148530570e-03
1.655595559618384449e+00 1.366530111571056562e-03
1.661881635856505390e+00 1.333644856592095147e-03
1.668171353955333336e+00 1.307512712866146145e-03
1.674453350850270361e+00 1.274029483009234045e-03
1.680725924646356395e+00 1.245892942102963747e-03
1.687014542692673036e+00 1.219370950361130072e-03
1.693310190593907416e+00 1.191919103288579564e-03
1.699585582287156615e+00 1.166375714835874182e-03
1.705866511081394421e+00 1.138381911235439910e-03
1.712160676675390514e+00 1.113966951749178255e-03
1.718444821026641867e+00 1.092525599229303770e-03
1.724722780324677629e+00 1.066925191984802006e-03
1.730998407906060743e+00 1.043895669823633170e-03
1.737287228726877686e+00 1.021982823812072000e-03
1.743568303176275425e+00 9.998408668808825023e-04
1.749841689593745420e+00 9.807921247485681081e-04
1.756129388522271517e+00 9.584339741733695394e-04
1.762415116633644363e+00 9.414941524387021457e-04
1.768698244482999726e+00 9.209955742497239178e-04
1.774980086402522028e+00 9.033035507955663231e-04
1.781265981096536777e+00 8.871833033178736861e-04
1.787550624457374449e+00 8.701645617978345836e-04
1.793835833491845833e+00 8.532127676107072048e-04
1.800117311233924822e+00 8.399971057864969544e-04
1.806395490080128896e+00 8.259945052001244981e-04
1.812674669631440416e+00 8.139951636840568432e-04
1.818957879507353992e+00 7.992075772990347689e-04
1.825245306758315422e+00 7.878619740145340099e-04
1.831528271693480647e+00 7.791419754929638716e-04
1.837812827050599118e+00 7.689465996613554632e-04
1.844103367940866489e+00 7.590331806266702999e-04
1.850386948924649388e+00 7.506877907792220425e-04
1.856666935595761014e+00 7.437748428223672336e-04
1.862948995952047992e+00 7.366959285737639893e-04
1.869230662203537285e+00 7.304048596523146468e-04
1.875518523852231834e+00 7.269718034619849622e-04
1.881801828956604083e+00 7.226333262520809927e-04
1.888079605905484737e+00 7.197817447251915208e-04
1.894354917179238207e+00 7.175881831856652194e-04
1.900643508338552223e+00 7.165957160002322949e-04
1.906933681097740418e+00 7.170701873215569108e-04
1.913208537729330194e+00 7.165588208380345393e-04
1.919491876081842907e+00 7.216664043608128848e-04
1.925778583551117418e+00 7.248790050200597766e-04
1.932066442879381896e+00 7.274143322729018047e-04
1.938345779800252577e+00 7.344595377860054213e-04
1.944621163117130624e+00 7.392208029423613224e-04
1.950906419736068598e+00 7.462001594039037369e-04
1.957194922928259695e+00 7.555195168573980956e-04
1.963480698366232735e+00 7.655147639939372493e-04
1.969761129083444473e+00 7.803283720186108500e-04
1.976050304691988391e+00 7.879086255472447873e-04
1.982339908457910083e+00 8.036190264568176308e-04
1.988618349245825812e+00 8.187315837627360182e-04
1.994897766502643721e+00 8.351501344873163554e-04
2.001180771161680028e+00 8.524534854994674296e-04
2.007460336186321026e+00 8.717810815682393256e-04
2.013738753216055777e+00 8.941213982082999931e-04
2.020018986124832772e+00 9.180071150680739738e-04
2.026310836118350167e+00 9.403746154951058431e-04
2.032601207862052561e+00 9.689112270562558844e-04
2.038875504895327317e+00 9.959835296850063410e-04
2.045155551699306962e+00 1.019429959405016885e-03
2.051445731990026999e+00 1.052217363052249544e-03
2.057731375213294633e+00 1.083892818010613168e-03
2.064016423384301913e+00 1.124302160954212398e-03
2.070302827783211619e+00 1.148424960990702265e-03
2.076590615358942848e+00 1.195230620090192986e-03
2.082865814675600280e+00 1.230029081556997372e-03
2.089135078390696343e+00 1.272488177949214613e-03
2.095424699602885799e+00 1.316477042782439408e-03
2.101708259047597949e+00 1.364336015821039421e-03
2.107987807301212158e+00 1.404679449863307020e-03
2.114274337075186416e+00 1.457048366420871143e-03
2.120555211422834319e+00 1.517265146352487484e-03
2.126838540980260372e+00 1.555767773349408384e-03
2.133123767198004117e+00 1.624702449442210232e-03
2.139413031894335848e+00 1.677324869736328966e-03
2.145698041890389263e+00 1.743353010003453798e-03
2.151974340624452253e+00 1.816219458008841783e-03
2.158260630891077003e+00 1.863344020072645003e-03
2.164546658731809625e+00 1.949811241432756678e-03
2.170832823837292480e+00 2.011186660495282476e-03
2.177115967197242430e+00 2.097641854617488238e-03
2.183389032615354441e+00 2.168638261923675533e-03
2.189670975244353279e+00 2.245198162986440649e-03
2.195960831894089527e+00 2.336140885206134093e-03
2.202245817416866203e+00 2.415099165858032582e-03
2.208524601220368755e+00 2.511089611705718400e-03
2.214805589383115780e+00 2.598020115490861596e-03
2.221093631642824917e+00 2.701656699022343677e-03
2.227374275520719316e+00 2.802941672836008896e-03
2.233658333286540287e+00 2.894679594103880937e-03
2.239946072329966231e+00 3.008105916355021010e-03
2.246226850917138140e+00 3.100989052185710790e-03
2.252506781988718565e+00 3.228830679993318839e-03
2.258783643789477491e+00 3.340260629792883487e-03
2.265069381259946724e+00 3.445456865190528548e-03
2.271351266578538919e+00 3.577737836689868969e-03
2.277635010148555850e+00 3.708810183636586724e-03
2.283922963308533394e+00 3.863171741728145796e-03
2.290204538958168001e+00 3.973699817207234850e-03
2.296492854789115245e+00 4.116454864916947384e-03
2.302773836462560286e+00 4.271190436302468342e-03
2.309052848528886148e+00 4.415136974782352119e-03
2.315340397783157922e+00 4.568949324467991638e-03
2.321629550362612981e+00 4.713453649699675396e-03
2.327914834812394584e+00 4.892672083566020243e-03
2.334189028016975698e+00 5.048486525813371609e-03
2.340468735514670495e+00 5.241926950847678422e-03
2.346757573269963704e+00 5.391880973377675274e-03
2.353046701279460251e+00 5.587196505771344947e-03
2.359329919851476554e+00 5.784803503146039409e-03
2.365603805485394950e+00 6.001966459575108943e-03
2.371887442159951398e+00 6.150563239387613415e-03
2.378175480496420580e+00 6.372969952555733106e-03
2.384455602231496218e+00 6.566461244824016961e-03
2.390737631861327372e+00 6.781417223669108062e-03
2.397015688929587718e+00 7.015862440259973756e-03
2.403297559533717376e+00 7.253257633665038777e-03
2.409586419743307228e+00 7.488828716856060080e-03
2.415875314660682172e+00 7.705207506568411725e-03
2.422164535679191655e+00 7.920914879606664669e-03
2.428442137972055104e+00 8.229287574921518439e-03
2.434719213815070837e+00 8.453196557006353862e-03
2.441002915255427563e+00 8.706581810153494333e-03
2.447292244015294216e+00 9.017626134331518939e-03
2.453574548397714494e+00 9.338233915667789459e-03
2.459853950840888093e+00 9.567324732775557561e-03
2.466141393364139400e+00 9.846439373886319707e-03
2.472424340910468477e+00 1.015660277700918511e-02
2.478699559716526224e+00 1.047808898793948021e-02
2.484981956405843295e+00 1.083636982166739232e-02
2.491271774374293368e+00 1.106503979509672504e-02
2.497550925125272325e+00 1.147805329896662771e-02
2.503833126215876170e+00 1.179534012808546202e-02
2.510118697329297710e+00 1.216219595082237807e-02
2.516402124721602629e+00 1.255692195051800845e-02
2.522689938852853420e+00 1.291315807478492922e-02
2.528973288009538134e+00 1.331724121102882165e-02
2.535253600549877362e+00 1.371093307512833911e-02
2.541538941914911476e+00 1.412085124298594063e-02
2.547825021627405206e+00 1.448537726561344163e-02
2.554103008122937002e+00 1.502075040332585647e-02
2.560378237915397648e+00 1.531401667211986992e-02
2.566669017775174755e+00 1.581738113711708346e-02
2.572956571054420216e+00 1.626115407345342725e-02
2.579236104287966125e+00 1.679871902539019704e-02
2.585522655546601989e+00 1.725378398643852285e-02
2.591808172184224546e+00 1.782254776021465620e-02
2.598087543498381002e+00 1.819575752346833802e-02
2.604361437550918978e+00 1.885222837655562214e-02
2.610647591905687293e+00 1.929758479169750574e-02
2.616933270352379548e+00 1.978250659163603015e-02
2.623207934884185466e+00 2.062021939222407479e-02
2.629492944384940412e+00 2.104613698876111119e-02
2.635779602277390499e+00 2.176101921102452375e-02
2.642061794567720945e+00 2.230829671006175421e-02
2.648344685049869529e+00 2.305600223155683873e-02
2.654633852395646088e+00 2.366794898535752936e-02
2.660920832685793602e+00 2.451269018835336780e-02
2.667200003651473139e+00 2.525187116613248836e-02
2.673485665061926309e+00 2.586236469271628938e-02
2.679774189917022653e+00 2.661034253465488844e-02
2.686059197445316293e+00 2.724424765821336497e-02
2.692340742040600254e+00 2.820606377798887815e-02
2.698619785325931719e+00 2.895096971454497875e-02
2.704896067289608741e+00 2.987774701829991331e-02
2.711176296267862273e+00 3.071929945283910848e-02
2.717460477624493720e+00 3.153193234957902408e-02
2.723746785600710485e+00 3.260338125470162857e-02
2.730040839622854598e+00 3.340848997360668093e-02
2.736320462271965681e+00 3.440952513950019248e-02
2.742593167856604897e+00 3.569293755833219395e-02
2.748880654965284887e+00 3.670028641129674529e-02
2.755164406907204988e+00 3.805398035786377448e-02
2.761447966179410241e+00 3.906157758062472202e-02
2.767734949986044413e+00 4.017680607068833953e-02
2.774018204230510154e+00 4.116786184000992971e-02
2.780299459131881701e+00 4.262778910541273336e-02
2.786578380850841974e+00 4.431724897882416414e-02
2.792858749059577761e+00 4.527628016460122362e-02
2.799144688897090116e+00 4.698713320350118849e-02
2.805431744286055018e+00 4.854816863077998645e-02
2.811716466586489993e+00 4.990528180260030838e-02
2.817990514261363710e+00 5.193639248505428629e-02
2.824271178017407902e+00 5.288818547184325619e-02
2.830565310473360352e+00 5.476639125319043150e-02
2.836850361681537702e+00 5.694644000562227443e-02
2.843131259198828698e+00 5.924322163293420374e-02
2.849415373186487965e+00 6.145363742293402654e-02
2.855698064670956882e+00 6.282297195498065534e-02
2.861978975302818640e+00 6.528437575069630239e-02
2.868263635614905827e+00 6.716263109162426415e-02
2.874548572895146759e+00 7.015608027806936875e-02
2.880833509046437424e+00 7.293877499161488531e-02
2.887115914775806313e+00 7.480841180221170506e-02
2.893396211301912935e+00 7.829695305319388232e-02
2.899675259048415388e+00 8.098709310972350417e-02
2.905955807169823046e+00 8.369959633895877882e-02
2.912242784565592046e+00 8.729656452973116876e-02
2.918528489082492516e+00 9.106875065033108452e-02
2.924812236943901578e+00 9.461597592184152472e-02
2.931097264553834236e+00 9.815439913778734038e-02
2.937379046647154990e+00 1.036239082197641381e-01
2.943662417245681340e+00 1.076765876121044685e-01
2.949948997849719756e+00 1.119804860599893231e-01
2.956228453902073561e+00 1.174521710453342582e-01
2.962510840116227673e+00 1.225960550596737753e-01
2.968797192440125965e+00 1.281637052664841014e-01
2.975078489423049533e+00 1.335205213176079153e-01
2.981360447198230457e+00 1.404077430027189932e-01
2.987647323528414223e+00 1.493035919894945274e-01
2.993932064934300641e+00 1.543449900920559059e-01
3.000209551562139421e+00 1.627969848328975067e-01
3.006487470944601892e+00 1.692400087516613416e-01
3.012770586989486521e+00 1.804890365765212112e-01
3.019055028984091837e+00 1.911753248320250398e-01
3.025339593109035885e+00 1.999546679069525157e-01
3.031624651041083141e+00 2.142946530361984347e-01
3.037909525040372927e+00 2.251165072742607187e-01
3.044196264475506730e+00 2.410783271592083221e-01
3.050477886447245712e+00 2.593681598012260725e-01
3.056756711732924625e+00 2.749720231824744898e-01
3.063041213115731409e+00 2.946519537111179643e-01
3.069324013399330031e+00 3.189885953810817631e-01
3.075611272807551533e+00 3.353008446710777912e-01
3.081895489281643030e+00 3.611612571360411916e-01
3.088176199887292306e+00 3.980072041709362130e-01
3.094459112917897325e+00 4.218555767482076169e-01
3.100744234350492956e+00 4.735689798987567922e-01
3.107029324214496846e+00 5.131215104966216911e-01
3.113310425776543600e+00 5.682510194313723506e-01
3.119592029507459507e+00 6.036093921105469828e-01
3.125875559417674587e+00 6.730857691411044064e-01
3.132160147770352676e+00 7.297034870342679058e-01
3.138440210879888337e+00 8.751351942873514256e-01
3.144724491651683440e+00 9.478765183484229029e-01
3.151004924765398840e+00 1.112920915117194598e+00
3.157285342196649136e+00 1.212979250736073267e+00
3.163570603826113992e+00 1.365837700031820701e+00
3.169852350185627277e+00 1.562110280000575946e+00
3.176138770387999966e+00 1.814104408421874259e+00
3.182422419512343836e+00 1.996032426974647001e+00
3.188703671424619746e+00 2.373560390485404348e+00
3.194991280550246948e+00 2.722502579229752140e+00
3.201276738120839127e+00 3.428385406294101045e+00
3.207553033218304872e+00 4.348923126641873971e+00
3.213836161597863672e+00 2.779845194733268521e+00
3.220123259784395398e+00 2.118529635347248131e+03
3.226407551420531483e+00 3.649068487845369635e+00
3.232689305629245613e+00 4.179670051570991696e+00
3.238971071582136041e+00 3.335761777279819817e+00
3.245255685894246067e+00 2.811743442948352101e+00
3.251535715250951863e+00 2.444790203784717786e+00
3.257819502328903827e+00 2.092299259292583979e+00
3.264103492610594071e+00 1.868529435694980867e+00
3.270384810144397303e+00 1.611155389378938763e+00
3.276670428022039783e+00 1.481165103008592832e+00
3.282955566270326919e+00 1.337423814717392689e+00
3.289237716703969916e+00 1.183881992790703830e+00
3.295520653962330293e+00 1.054239211611896154e+00
3.301807644101458550e+00 9.253855776238332220e-01
3.308089302529158449e+00 8.537753603851776507e-01
3.314368987794545252e+00 7.491201847747736009e-01
3.320652691368451315e+00 6.993540719099252678e-01
3.326932422871479833e+00 6.210189500391539719e-01
3.333218115701501727e+00 5.657262403375536985e-01
3.339505861603602188e+00 5.240078755904580277e-01
3.345788344868127595e+00 4.929812526556797136e-01
3.352073190624765164e+00 4.541716770059944785e-01
3.358352694183646125e+00 4.263759948059249738e-01
3.364631227903127186e+00 4.007837237088515137e-01
3.370918965384773536e+00 3.699447829293225909e-01
3.377201513381668629e+00 3.561484767546776453e-01
3.383485934595764633e+00 3.328970363856998960e-01
3.389772491671652066e+00 3.121338059564738310e-01
3.396053991719500509e+00 2.961624929344617851e-01
3.402334005192525712e+00 2.795863865655250358e-01
3.408611853508482170e+00 2.681484815619983864e-01
3.414897839864825535e+00 2.555123319415908978e-01
3.421181285155862728e+00 2.415923029333046090e-01
3.427465364374100876e+00 2.323156305557883550e-01
3.433754096688785840e+00 2.232472518321119426e-01
3.440035356242748144e+00 2.146177192009409707e-01
3.446315808169163386e+00 2.045185762772844251e-01
3.452602963757077426e+00 1.950667261893796189e-01
3.458885619127623823e+00 1.889297637066603974e-01
3.465165758924614980e+00 1.803420482602906549e-01
3.471451503231973046e+00 1.735271657649436194e-01
3.477736678957558336e+00 1.693259558179625590e-01
3.484022358005950615e+00 1.633022813845665666e-01
3.490300354914448899e+00 1.556028512070251058e-01
3.496585015994501777e+00 1.531929777949349591e-01
3.502870831105572069e+00 1.477393520159509255e-01
3.509147722814735637e+00 1.433140333824481916e-01
3.515429662141086098e+00 1.387712314198062125e-01
3.521712008697834850e+00 1.342018673454341837e-01
3.527993736944767811e+00 1.308450620144707144e-01
3.534279159635547618e+00 1.275311000803426020e-01
3.540566564128809546e+00 1.228582822598855429e-01
3.546847878650843722e+00 1.211772791317526632e-01
3.553133555247947939e+00 1.185533566089727320e-01
3.559420214763478363e+00 1.147889492281295165e-01
3.565699480408631494e+00 1.124978331355612621e-01
3.571981368517234134e+00 1.099432786357643632e-01
3.578268698423837879e+00 1.065767626465247003e-01
3.584550774530670392e+00 1.047492184497274131e-01
3.590828935987784298e+00 1.025544930522813425e-01
3.597110718088889492e+00 1.001405982285606400e-01
3.603396512424406506e+00 9.866085869245153073e-02
3.609676747082802173e+00 9.603293246828162322e-02
3.615957977992316330e+00 9.497110613651196798e-02
3.622243580426721010e+00 9.231579451907062639e-02
3.628522628462809596e+00 9.138696751891643710e-02
3.634808120005133425e+00 8.922719365865941499e-02
3.641096965386622752e+00 8.825585255037428356e-02
3.647384913781243299e+00 8.649670670013169527e-02
3.653666753133836043e+00 8.515604194701653640e-02
3.659947726352769770e+00 8.426081335048658805e-02
3.666234893709818365e+00 8.267914714918171704e-02
3.672516996003137191e+00 8.195929387051599513e-02
3.678797940623468765e+00 8.036693044530945906e-02
3.685082198750683435e+00 7.923965241769120871e-02
3.691363013935667237e+00 7.851889084673523145e-02
3.697646206996081375e+00 7.710502374589821295e-02
3.703928900991629636e+00 7.689104168719254617e-02
3.710211472841704605e+00 7.588374973883418861e-02
3.716497167052446926e+00 7.506424218108175006e-02
3.722777172938726675e+00 7.452068088584741512e-02
3.729061287240359235e+00 7.292043065223582921e-02
3.735344545777875336e+00 7.309666026822957130e-02
3.741626449543836941e+00 7.213688514240011729e-02
3.747909505093512728e+00 7.166261637466588008e-02
3.754193016198873689e+00 7.118285640139102033e-02
3.760479637558913790e+00 7.075228648002726550e-02
3.766759446133269851e+00 7.037032138734215791e-02
3.773037643559592702e+00 6.940655108675627960e-02
3.779325182447645037e+00 6.956602697471080121e-02
3.785611241998332765e+00 6.903126475987386712e-02
3.791893886399857028e+00 6.868449195322111345e-02
3.798178379008452232e+00 6.866570558415445447e-02
3.804460597007844669e+00 6.823525144878736515e-02
3.810741293786842121e+00 6.879817979504757042e-02
3.817024656157668172e+00 6.800255872448872363e-02
3.823308984901775620e+00 6.805264619946524429e-02
3.829591178579501598e+00 6.807885211336710263e-02
3.835873668636422096e+00 6.767703336281473414e-02
3.842161045612500381e+00 6.832508137318848984e-02
3.848445733590433626e+00 6.751801104156889000e-02
3.854726100441019820e+00 6.855543571365456390e-02
3.861008152561713036e+00 6.811556780889181650e-02
3.867288667520160317e+00 6.804669061164785038e-02
3.873571407143857837e+00 6.869374736583493124e-02
3.879855154507281689e+00 6.842730574010431888e-02
3.886140680133453706e+00 6.939843161040919195e-02
3.892423554426630350e+00 6.910988618878005640e-02
3.898707135643554089e+00 6.986170232869565178e-02
3.904992757440263862e+00 7.033154865353728746e-02
3.911274451483945036e+00 7.012202940519854377e-02
3.917556732333046021e+00 7.152707056516341422e-02
3.923841166575323225e+00 7.093706471790964252e-02
3.930124816016721478e+00 7.264039541872636951e-02
3.936403665333011226e+00 7.261324180591044453e-02
3.942687802723190860e+00 7.296139041065766162e-02
3.948975148759096498e+00 7.458068887234729771e-02
3.955262046498601247e+00 7.375578722271866616e-02
3.961543413939611291e+00 7.659048612049880467e-02
3.967823997647459411e+00 7.597415031175001887e-02
3.974109649109424769e+00 7.745719282698440566e-02
3.980390315513306465e+00 7.876573254168507676e-02
3.986670633178865497e+00 7.816197611644622179e-02
3.992954341574337374e+00 8.155613231499578286e-02
3.999239437674898312e+00 8.057086683802201776e-02
4.005522652480014045e+00 8.312695514887023795e-02
4.011802048177673718e+00 8.410573135278331947e-02
4.018085141715408426e+00 8.432222740157957475e-02
4.024369535233901729e+00 8.763824244571495614e-02
4.030649783293330124e+00 8.627609723087562021e-02
4.036932679129111357e+00 9.060341414227500445e-02
4.043220418290019325e+00 9.052180802347563338e-02
4.049507661662086200e+00 9.227160499210841638e-02
4.055788045907045891e+00 9.499895203856077719e-02
4.062067059164522043e+00 9.381334402306909515e-02
4.068352854787344874e+00 1.003852908441027481e-01
4.074635659509510788e+00 9.900488469476521891e-02
4.080917054045270831e+00 1.025897001484894905e-01
4.087205686088069889e+00 1.041642442925264922e-01
4.093490301644573393e+00 1.048246247004810394e-01
4.099770438207295697e+00 1.113001741572277742e-01
4.106052527015961573e+00 1.097262736747843387e-01
4.112336138144955910e+00 1.155146215724116993e-01
4.118621532583603972e+00 1.159816547984940105e-01
4.124903585067976941e+00 1.191577246911110777e-01
4.131182712642240240e+00 1.242231087832671999e-01
4.137468630000815217e+00 1.218276487363826321e-01
4.143753536347550614e+00 1.333899480514917635e-01
4.150036722937140432e+00 1.308809284691989927e-01
4.156319556835904372e+00 1.363992698805771842e-01
4.162601167118149981e+00 1.411793140636995181e-01
4.168887134570721464e+00 1.394499001881721878e-01
4.175169561765874171e+00 1.529953903542870253e-01
4.181452242899395877e+00 1.492856371401083682e-01
4.187739255360579449e+00 1.607280085198543595e-01
4.194021594670000574e+00 1.619586497898590494e-01
4.200300760695198754e+00 1.646679475135788273e-01
4.206583573312412838e+00 1.767539477910292367e-01
4.212864548425995892e+00 1.707840654525066559e-01
4.219147128485455589e+00 1.930743296265038100e-01
4.225433661438403377e+00 1.875886966127304489e-01
4.231718368477329406e+00 1.990801120412796776e-01
4.237998895475036498e+00 2.068110584148194764e-01
4.244279597466258380e+00 2.004202459338071951e-01
4.250566280105218198e+00 2.351120454552559913e-01
4.256851587952112936e+00 2.194244250277058439e-01
4.263132860899111698e+00 2.439652146093452822e-01
4.269414568915884445e+00 2.487532312386555589e-01
4.275698115740782512e+00 2.479696695224418435e-01
4.281980156021848671e+00 2.838265925682774138e-01
4.288263338818810944e+00 2.623750172151419480e-01
4.294548516739729926e+00 3.114486442223112217e-01
4.300830910891001224e+00 2.979092307258203176e-01
4.307114686814344395e+00 3.196430886210816502e-01
4.313397714262970695e+00 3.450631875836250306e-01
4.319680042548951882e+00 3.174727600021682861e-01
4.325962677260454470e+00 4.108890258380533123e-01
4.332247955255882133e+00 3.684048816115886305e-01
4.338534851577296791e+00 4.297530886246411219e-01
4.344817821624197940e+00 4.282130756141320771e-01
4.351099303949236052e+00 4.208580753685566833e-01
4.357383544198474290e+00 5.316088866792041401e-01
4.363669160634735533e+00 4.581492626334608964e-01
4.369952160826413134e+00 5.975775912011820346e-01
4.376231841677308942e+00 5.472075730295600238e-01
4.382510196913425915e+00 6.218994962867925302e-01
4.388795959382868261e+00 6.915524352446061895e-01
4.395079843903230810e+00 5.889861580948839714e-01
4.401360933733665881e+00 8.973217340710141210e-01
4.407643714302012405e+00 7.159599549808862706e-01
4.413926461136920665e+00 9.767042195266267823e-01
4.420212544897195173e+00 9.149979174420729278e-01
4.426495749838379012e+00 8.812803745370065833e-01
4.432779159072235409e+00 1.368160295347453648e+00
4.439059915458222427e+00 9.966285404599110054e-01
4.445341878237662137e+00 1.664857886141279497e+00
4.451628428868033005e+00 1.287969880230540154e+00
4.457914551035861095e+00 1.815873921989286099e+00
4.464200235517868265e+00 1.922789591639667561e+00
4.470482182628605194e+00 1.604346842751927626e+00
4.476764673345638990e+00 3.207241271997274712e+00
4.483049464187839561e+00 2.066478979330951482e+00
4.489333155731497271e+00 4.018036749623967729e+00
4.495613345822325080e+00 2.838106164602966608e+00
4.501892119142445026e+00 2.798955218923877553e+00
4.508175121787952655e+00 6.115642134617195858e+00
4.514460900366407792e+00 3.695106311400064403e+00
4.520742053546796591e+00 8.773118890824795457e+00
4.527023810359859013e+00 5.602250365068213611e+00
4.533308960469576654e+00 1.130851182509513819e+01
4.539592363903683037e+00 7.071048452980431165e+00
4.545874919538348990e+00 5.194880740020267673e+00
4.552157687156885402e+00 2.475532523149798180e+03
4.558443781612104395e+00 6.985435622285844026e+00
4.564727638565654111e+00 1.290471148420311920e+01
4.571009437592583602e+00 5.434762819363089470e+00
4.577294624203679163e+00 4.507753211217519151e+00
4.583578089646453968e+00 7.679164819117596075e+00
4.589862179487309568e+00 3.497077168883200304e+00
4.596143999485379439e+00 5.547516903172637015e+00
4.602425263016355572e+00 2.939600218566079448e+00
4.608712017363744806e+00 3.224723502740137970e+00
4.614996038799121791e+00 3.356250693413340258e+00
4.621277296175202665e+00 2.000112415067032856e+00
4.627559936726636458e+00 2.964100204231905789e+00
4.633841741478233800e+00 1.684836749874319306e+00
4.640122475394416135e+00 2.025680138634573080e+00
4.646404355152583321e+00 1.688551460446967356e+00
4.652690604636823046e+00 1.232315185084053688e+00
4.658976230417983366e+00 1.727559414422195738e+00
4.665257901055365863e+00 1.109632053482939584e+00
4.671540647875587204e+00 1.290213121397798313e+00
4.677823961431464284e+00 1.074754929059734465e+00
4.684108235097336426e+00 8.432400098251343623e-01
4.690391798870516382e+00 1.157298351613355480e+00
4.696675467203847987e+00 7.816335491932518975e-01
4.702958737792436672e+00 9.172220761781612053e-01
4.709239588303709922e+00 7.587090558821462105e-01
4.715521529300301218e+00 7.058017962768798892e-01
4.721804241650856326e+00 7.560152627225754651e-01
4.728088995851720711e+00 5.962276100776106036e-01
4.734372372593826483e+00 6.953979030968322483e-01
4.740653441478511532e+00 5.690487240600821117e-01
4.746937690136521226e+00 5.679483112320720117e-01
4.753220866740556438e+00 5.629669971742697898e-01
4.759499584445610942e+00 4.711114044049996008e-01
4.765784674643524177e+00 5.435768246834109529e-01
4.772072066667437440e+00 4.556441677333514795e-01
4.778354574712954772e+00 4.654563574271041171e-01
4.784639688699459548e+00 4.390489598357973366e-01
4.790924571112255670e+00 3.994274083931515507e-01
4.797207630427470448e+00 4.319396777367646156e-01
4.803491281906666188e+00 3.700635953894057528e-01
4.809774797188141271e+00 3.911492577504792068e-01
4.816055012942697999e+00 3.596847174931586677e-01
4.822335756210613056e+00 3.432336331028999488e-01
4.828618372965728156e+00 3.499601428334199182e-01
4.834902420031529147e+00 3.139600041803639052e-01
4.841185408631580422e+00 3.352443672554288323e-01
4.847466912745727718e+00 3.038364005555622138e-01
4.853753607692918415e+00 3.006634707518100469e-01
4.860040654770696023e+00 2.957753917067109661e-01
4.866322071713594433e+00 2.730639000771980518e-01
4.872604241020684235e+00 2.891281174495216044e-01
4.878889019589767173e+00 2.632034158878516772e-01
4.885169833709484877e+00 2.657970089932732982e-01
4.891451276335970988e+00 2.557750257847506981e-01
4.897735676523086390e+00 2.449777132003679303e-01
4.904020888466774863e+00 2.492698651902121032e-01
4.910302466098539043e+00 2.320865177480830877e-01
4.916582728670469749e+00 2.381861213458703330e-01
4.922870405746558653e+00 2.265466040222109678e-01
4.929152603204811633e+00 2.229705947747020744e-01
4.935433400905724355e+00 2.216269442630636188e-01
4.941720002621369012e+00 2.085486312604932779e-01
4.948000629162284447e+00 2.161837561397594032e-01
4.954284600437537378e+00 2.044857552728457650e-01
4.960568964118362345e+00 2.041510982609038016e-01
4.966849452054189484e+00 1.997524080188006479e-01
4.973133312553746244e+00 1.939312036752620649e-01
4.979416667731975110e+00 1.971928394880299029e-01
4.985701847394269137e+00 1.876862204390249145e-01
4.991986126907685062e+00 1.892731387600385673e-01
4.998266089552569014e+00 1.858954384213425126e-01
5.004548850075229538e+00 1.819002582906403265e-01
5.010834613416704109e+00 1.823933356410983864e-01
5.017114133618883365e+00 1.754819626220608386e-01
5.023396754503464123e+00 1.797892827993843312e-01
5.029682555385535103e+00 1.743883052468103156e-01
5.035962952494468681e+00 1.729066329405499758e-01
5.042248916723991670e+00 1.731835336884831322e-01
5.048534518437475249e+00 1.691616023655759526e-01
5.054817055058077102e+00 1.718637534614901319e-01
5.061103124450734292e+00 1.658641163051317591e-01
5.067385418511126005e+00 1.690902747885549284e-01
5.073665350133166108e+00 1.673381050144014393e-01
5.079944158568527435e+00 1.640780005799789276e-01
5.086229157971559722e+00 1.654507697120203846e-01
5.092516081670024342e+00 1.637980868702975379e-01
5.098799062815714933e+00 1.665666869402775419e-01
5.105081564999609967e+00 1.635684579857091259e-01
5.111362075909486435e+00 1.633920779452826821e-01
5.117646708276604173e+00 1.657209238058585943e-01
5.123931579419740423e+00 1.628219915129604234e-01
5.130214175713612157e+00 1.652664749041386216e-01
5.136495802354272833e+00 1.655298410217866945e-01
5.142780182582010973e+00 1.676177242646796905e-01
5.149064547742418618e+00 1.667538484177311930e-01
5.155344632471284605e+00 1.653789481906493275e-01
5.161628512901673460e+00 1.721548858595227938e-01
5.167914708882204167e+00 1.703346682433889148e-01
5.174198770587969065e+00 1.713091017594996490e-01
5.180481984271699147e+00 1.717516892204442869e-01
5.186765863297754464e+00 1.773294009982467612e-01
5.193047702705746893e+00 1.786493543395774319e-01
5.199327701301567295e+00 1.775706921666581062e-01
5.205610051315074038e+00 1.816604517823083020e-01
5.211893783792568513e+00 1.864353818841188448e-01
5.218178654991308285e+00 1.883964313626102782e-01
5.224460565579556182e+00 1.878667202067513531e-01
5.230741351715697540e+00 1.950331238940999912e-01
5.237027120177700112e+00 2.015175980114667087e-01
5.243314739467697549e+00 2.007463432745648646e-01
5.249595278023606149e+00 2.019133350533175997e-01
5.255875849079584938e+00 2.153948826744937484e-01
5.262158673469957471e+00 2.170995060931530107e-01
5.268439395112831214e+00 2.190998783853430609e-01
5.274722108206590931e+00 2.219761587546296988e-01
5.281007345641278938e+00 2.387339177790791245e-01
5.287293380248259567e+00 2.411844678625870986e-01
5.293576735145029133e+00 2.417167889185236618e-01
5.299860851423467523e+00 2.519840795383919696e-01
5.306144493245258609e+00 2.698538815426824722e-01
5.312427159026070100e+00 2.721815296863239197e-01
5.318710177455853838e+00 2.681843208850406834e-01
5.324993165098304893e+00 2.971203741995132597e-01
5.331278074387978627e+00 3.103776897614210495e-01
5.337561778582737837e+00 3.126763324267224919e-01
5.343844392417137712e+00 3.092827964091705018e-01
5.350127046241198059e+00 3.548990890063624670e-01
5.356410632573585850e+00 3.660717510294501653e-01
5.362696075374680404e+00 3.659299447144599426e-01
5.368977622023428431e+00 3.721615860597330960e-01
5.375259264787404234e+00 4.284181733234820877e-01
5.381542175673222239e+00 4.432536866417488564e-01
5.387824976115930475e+00 4.278142104686112335e-01
5.394108529100064331e+00 4.751602513884563561e-01
5.400390002504265929e+00 5.385903911396285881e-01
5.406673750202084960e+00 5.458130342250004929e-01
5.412955699794467890e+00 5.068462985195365533e-01
5.419237955148318520e+00 6.351012614835118697e-01
5.425523090525197212e+00 6.949687256094008170e-01
5.431805715860540396e+00 7.051275004734706142e-01
5.438090831113179924e+00 6.268081939696766858e-01
5.444374481405862554e+00 8.771567972760689891e-01
5.450656385985535479e+00 9.400729781224143045e-01
5.456941012042004324e+00 9.570308105749986138e-01
5.463223574256159232e+00 8.881091987231100049e-01
5.469506233746614043e+00 1.279624986373051332e+00
5.475791313392783799e+00 1.388174270121914411e+00
5.482076520806099751e+00 1.324058003547313289e+00
5.488361758921633360e+00 1.382501499257252631e+00
5.494642978338553085e+00 2.006001951071558320e+00
5.500922328851260090e+00 2.272974004671291848e+00
5.507204020884158169e+00 1.624602273422010024e+00
5.513487086383534574e+00 2.708670533367076416e+00
5.519772673170036725e+00 3.342936264669827739e+00
5.526055063335959083e+00 3.585246275432382390e+00
5.532333106276354329e+00 2.515672024632592763e+00
5.538615491667449930e+00 4.811112163487138993e+00
5.544903720115636148e+00 5.998998352510470866e+00
5.551187288815954801e+00 7.238499922780962770e+00
5.557470531467981090e+00 4.405803482585548103e+00
5.563755611658447897e+00 8.296967859690388636e+00
5.570037554875349350e+00 1.283814412893220606e+03
5.576319117887759802e+00 7.341811182504494937e+00
5.582602002155147680e+00 4.941681249897968975e+00
5.588888631490213754e+00 7.967819872322199792e+00
5.595175275496153233e+00 6.415819435328047327e+00
5.601458712915984961e+00 2.970076632672002948e+00
5.607739290868620330e+00 4.933381114753600194e+00
5.614020862542647983e+00 4.116490658228307176e+00
5.620301751604071860e+00 3.455082714786421594e+00
5.626585003660349749e+00 1.918034152353886856e+00
5.632870193703824135e+00 2.974503069997284754e+00
5.639149634200363970e+00 2.525546085214868786e+00
5.645432108629827361e+00 1.957640689933010325e+00
5.651717488754057328e+00 1.452806724526948035e+00
5.658002094958268557e+00 1.813434304720783263e+00
5.664286976960462461e+00 1.531086393326981154e+00
5.670566925585673879e+00 1.101125705547636446e+00
5.676852042208761162e+00 1.190416344719561703e+00
5.683137388589912575e+00 1.178672434292567406e+00
5.689418158699685257e+00 1.009231288597088438e+00
5.695702068056029077e+00 7.677876419374602968e-01
5.701985967982890813e+00 9.560848128004798552e-01
5.708271056387263620e+00 8.500170949790870623e-01
5.714552979709825564e+00 7.327141781371995233e-01
5.720831601415190093e+00 6.436187908711724637e-01
5.727115355927898221e+00 7.191754652907129675e-01
5.733398957275753105e+00 6.486433561002781234e-01
5.739684091351107575e+00 5.520702784220395953e-01
5.745967659604392708e+00 5.526406142527073850e-01
5.752250391047120992e+00 5.534295682806418260e-01
5.758534671789668380e+00 5.077581558665550387e-01
5.764815058099513223e+00 4.416892572876848777e-01
5.771097431484660589e+00 4.838277927199380324e-01
5.777380386878713026e+00 4.543478764193141783e-01
5.783664936364128373e+00 4.184918108800921854e-01
5.789947151929451863e+00 3.845720535878927593e-01
5.796231493774793186e+00 4.071199169970228238e-01
5.802516691340624533e+00 3.814631927331480488e-01
5.808797995112186641e+00 3.520408909220912319e-01
5.815082184083208539e+00 3.436887645955308823e-01
5.821365271507954020e+00 3.487103768254701808e-01
5.827645525290467532e+00 3.263392262310129133e-01
5.833928171908906890e+00 3.033486565324076123e-01
5.840215967589452717e+00 3.102139786044397218e-01
5.846501812893647454e+00 3.035362880764203020e-01
5.852781909673957728e+00 2.870499500523344127e-01
5.859063783293738226e+00 2.698807896661389871e-01
5.865349571500913406e+00 2.812237038970950009e-01
5.871632939480924129e+00 2.685791920525043563e-01
5.877914823986006176e+00 2.559862925533993860e-01
5.884196626054889023e+00 2.504798843173887124e-01
5.890479074317132913e+00 2.548518421615921792e-01
5.896763574100915228e+00 2.425784765401985954e-01
5.903046036848450306e+00 2.329327437460306238e-01
5.909328377713869429e+00 2.327218817060496270e-01
5.915613028288355224e+00 2.321175069065296304e-01
5.921894409622731281e+00 2.232948708681086469e-01
5.928177134794152536e+00 2.170742800138250328e-01
5.934464774883918992e+00 2.196783282799814052e-01
5.940751250578068188e+00 2.154008335404670460e-01
5.947033452245725549e+00 2.094917753918472125e-01
5.953312775740306151e+00 2.032512277273545165e-01
5.959594106507988265e+00 2.067611082745396400e-01
5.965876424548630652e+00 2.027572789261665176e-01
5.972161112468720390e+00 1.983037252356324720e-01
5.978446099492319199e+00 1.958195523492253232e-01
5.984727467931779010e+00 1.973330301563652189e-01
5.991012985181142447e+00 1.925560848757675858e-01
5.997297612744741713e+00 1.899670622748534099e-01
6.003577416164464609e+00 1.901192115428173013e-01
6.009860806138807909e+00 1.894247730737093904e-01
6.016144510375737831e+00 1.880343593971135208e-01
6.022426254013592661e+00 1.853359409843806371e-01
6.028706803290871719e+00 1.872122327282584875e-01
6.034987951204773715e+00 1.856406101389302121e-01
6.041274067685003857e+00 1.832024605503978498e-01
6.047558134944117647e+00 1.831630045725076150e-01
6.053840825089524813e+00 1.850450011750011670e-01
6.060125328398456190e+00 1.845404835932047405e-01
6.066409969294784155e+00 1.833338565784105867e-01
6.072694327029352301e+00 1.834861253932863756e-01
6.078974651295977694e+00 1.853243670549472866e-01
6.085257277597498238e+00 1.849221063375440233e-01
6.091541245232643398e+00 1.856031286280580839e-01
6.097826243439735450e+00 1.874209675271172881e-01
6.104111770776667889e+00 1.884687133653246138e-01
6.110396747466277034e+00 1.890770210164348653e-01
6.116679071538609236e+00 1.886343885597450976e-01
6.122958529493147672e+00 1.931230380814870085e-01
6.129240445810509641e+00 1.931790701513122765e-01
6.135524780557309654e+00 1.955436423698410642e-01
6.141807474577858805e+00 1.969336755211856804e-01
6.148089386189230510e+00 2.012468544749347887e-01
6.154375713159891070e+00 2.040502195583903666e-01
6.160661139581105950e+00 2.078313130826444366e-01
6.166941022971138331e+00 2.084577678116292243e-01
6.173222562097184785e+00 2.129627294194294529e-01
6.179507647741183440e+00 2.180650198914128868e-01
6.185789356936125749e+00 2.207712468108476156e-01
6.192072249861043431e+00 2.244154738391092307e-01
6.198356783359496802e+00 2.305397092129785053e-01
6.204641274559973496e+00 2.369364193433163013e-01
6.210924271106035732e+00 2.414586648610374531e-01
6.217206768102415460e+00 2.474344188504837838e-01
6.223486202302879633e+00 2.526484056573172210e-01
6.229767722260432627e+00 2.623938577600153366e-01
6.236054214854060085e+00 2.668914056626844888e-01
6.242340046436461343e+00 2.744887392122886127e-01
6.248623268972994360e+00 2.862723224173505110e-01
6.254906079998900026e+00 2.913362835251685490e-01
6.261190798611801611e+00 3.046604624721468424e-01
6.267470893840453527e+00 3.188507571030572141e-01
6.273752395561465356e+00 3.321297067382816826e-01
6.280038415116336203e+00 3.490410591214605507e-01
6.286322359143823313e+00 3.592101464891820917e-01
6.292605930180390494e+00 3.722562973403958919e-01
6.298890629102372074e+00 3.854207948578656229e-01
6.305171573266470375e+00 4.130329415211357325e-01
6.311455101240412091e+00 4.240327612883257880e-01
6.317739752668598996e+00 4.578803164673668213e-01
6.324019791664828638e+00 4.741802316705994724e-01
6.330300090404453961e+00 5.102938351163978092e-01
6.336582976227302488e+00 5.397113434159873657e-01
6.342866512790590328e+00 5.573086570588370314e-01
6.349149664171966911e+00 5.923427094400046666e-01
6.355436214245748339e+00 6.530440224530785764e-01
6.361722100221464338e+00 6.689994360496964720e-01
6.368004157429771439e+00 7.445194437598141590e-01
6.374285543992137093e+00 7.652984254551544741e-01
6.380569360201161722e+00 8.022260807539686178e-01
6.386853196179592906e+00 8.489434467097046744e-01
6.393134053012607509e+00 9.710170037677510191e-01
6.399418824019404539e+00 9.935096361381594576e-01
6.405704396360532904e+00 1.008242942105679774e+00
6.411984928491945013e+00 1.024037741374638433e+00
6.418265745466296579e+00 1.173152116706235981e+00
6.424549958658937854e+00 1.120323274028220961e+00
6.430834939158401653e+00 1.103987529354800490e+00
