8.899641653093008295e-03 3.399763547457181900e+00
1.539332528288165670e-02 4.027548048231336608e+00
2.155046762996598239e-02 3.863134283768502986e+00
2.783660762585126597e-02 3.371712969918536640e+00
3.439928854529101382e-02 2.863012754000150206e+00
4.083988908678293228e-02 2.429174184799194336e+00
4.696089820801348236e-02 2.122198928611866098e+00
5.319831544433587661e-02 1.925851004464285587e+00
5.953007160048735813e-02 1.785690682394462714e+00
6.593106050382960270e-02 1.655587917941433673e+00
7.211112823241795644e-02 1.528775259164663503e+00
7.840743265709380905e-02 1.370026654016760714e+00
8.486374147573563786e-02 1.204797186065595715e+00
9.105720993371453631e-02 1.061851580368685433e+00
9.723119438183111529e-02 9.391628778176229764e-01
1.035474523099094157e-01 8.391687134584072671e-01
1.098380096325790867e-01 7.568167657979852914e-01
1.160878800454857029e-01 6.847564206443649271e-01
1.223769048302436324e-01 6.247780401344854573e-01
1.287591547856025143e-01 5.703388679111476289e-01
1.350589943281513827e-01 5.262704396005176699e-01
1.412290290659165837e-01 4.861883266338174470e-01
1.475161690700088069e-01 4.506597361333689045e-01
1.537996369822966225e-01 4.179965082735517257e-01
1.601026478659483554e-01 3.895437933147081755e-01
1.664508001660549019e-01 3.647902978727581846e-01
1.727583237560037233e-01 3.408560287157366142e-01
1.790245845132147351e-01 3.205113445586788568e-01
1.852702546080971790e-01 3.013963812914448592e-01
1.914887492119529966e-01 2.845938008088073623e-01
1.977904085892937536e-01 2.688170946791268445e-01
2.041115446406587541e-01 2.542790748548717783e-01
2.104256850836569714e-01 2.407532380756578771e-01
2.167058561960866769e-01 2.287072709433190798e-01
2.229761248051159717e-01 2.176829604103726057e-01
2.292828550697881274e-01 2.068304415675727981e-01
2.355310205895554676e-01 1.973909065868766355e-01
2.418144967727207939e-01 1.882635227576081316e-01
2.481043196360692704e-01 1.802743385813375399e-01
2.543667409246888611e-01 1.725940901670469096e-01
2.606678092543103231e-01 1.653100326261060515e-01
2.669430136113040697e-01 1.580485518508888132e-01
2.732519464783976226e-01 1.517313438588218100e-01
2.795627339315375770e-01 1.460345572286118054e-01
2.858373502475139438e-01 1.402785558637559549e-01
2.920953075698756729e-01 1.350655634860832011e-01
2.983525092968341563e-01 1.298617949078632594e-01
3.046702740008471189e-01 1.252445679614918317e-01
3.109590627528140416e-01 1.206206907756845331e-01
3.172239916515500191e-01 1.165486717523547822e-01
3.235299724572279767e-01 1.126005585907435824e-01
3.298388395071043533e-01 1.088621503384012007e-01
3.361383844359337458e-01 1.051300215664517645e-01
3.423877713306480719e-01 1.019009012337540876e-01
3.486623155692267217e-01 9.865978297611047165e-02
3.549448882949312045e-01 9.549401132865453778e-02
3.611996781549324798e-01 9.263523478111400367e-02
3.674875026172954029e-01 8.975883471187523499e-02
3.737698636248200090e-01 8.713881084106771258e-02
3.800714314497639634e-01 8.453294704299989248e-02
3.863585763589229560e-01 8.218335504206680797e-02
3.926354401118986037e-01 7.976115104495609676e-02
3.989457585494922132e-01 7.754247907578695753e-02
4.052156663313305485e-01 7.533315967248320477e-02
4.115034152883392804e-01 7.328868729140414207e-02
4.177905076349040514e-01 7.125122390940782924e-02
4.240487051047501788e-01 6.934589105630660499e-02
4.303463415118498614e-01 6.743871648255396478e-02
4.366358695421740932e-01 6.581096133636266110e-02
4.429029287921816826e-01 6.406527445004095433e-02
4.491680252572889942e-01 6.251334893750390420e-02
4.554486850820457788e-01 6.091577708847510653e-02
4.617725565885423267e-01 5.937307262999579061e-02
4.680757412093953795e-01 5.792920377790485020e-02
4.743564916629640638e-01 5.654716592267066549e-02
4.806425428564732871e-01 5.516362924293129189e-02
4.869129233098823395e-01 5.384787769568028654e-02
4.931745196394184405e-01 5.262690855045190630e-02
4.994506890543656263e-01 5.143430354973241997e-02
5.057241638978529075e-01 5.022420828983339275e-02
5.120042719980517631e-01 4.908319075137372589e-02
5.183192340646139984e-01 4.797340626341170533e-02
5.246161892892522438e-01 4.698169038591880342e-02
5.308869673046785476e-01 4.587016398203089956e-02
5.371637224096752483e-01 4.487158833957448356e-02
5.434652729571635144e-01 4.395485650469511257e-02
5.497524178004593587e-01 4.301637174134485819e-02
5.559970921381958142e-01 4.205489548933215305e-02
5.622866379023159222e-01 4.119510073013102347e-02
5.686033203527380842e-01 4.027998437682300120e-02
5.748823709563090079e-01 3.943489857615523064e-02
5.811585199734176088e-01 3.865581357018162828e-02
5.874446517276211699e-01 3.787518461561235894e-02
5.937246335834056588e-01 3.710161558295188566e-02
6.000023445208265693e-01 3.634622154159979773e-02
6.062700655927123483e-01 3.560348700236936476e-02
6.125564878198721530e-01 3.494462573499151903e-02
6.188675697062213654e-01 3.426120768805083344e-02
6.251436203714340056e-01 3.357037536991194782e-02
6.314092032308914471e-01 3.292320345065960496e-02
6.377070744462735030e-01 3.228523567706331060e-02
6.439915699782213787e-01 3.166920228387859471e-02
6.502746657481665027e-01 3.102193986593717104e-02
6.565654463687421449e-01 3.049081133304049410e-02
6.628457378217490481e-01 2.988126206822570158e-02
6.691273712706959920e-01 2.929712899851324298e-02
6.754135024521100705e-01 2.875604504263661737e-02
6.816942288653291548e-01 2.822295124384286910e-02
6.879707219643064198e-01 2.771455460850241054e-02
6.942401964891569133e-01 2.717754388198609719e-02
7.005213539313046578e-01 2.669046250635283626e-02
7.068163049835881617e-01 2.619351525474867062e-02
7.131046379544038194e-01 2.571926518376501866e-02
7.193979933183044517e-01 2.525696997085386322e-02
7.256912769458278012e-01 2.480609981158307317e-02
7.319732112087881104e-01 2.438675117414354498e-02
7.382575498732680819e-01 2.388712776079473382e-02
7.445309219837563663e-01 2.347626306573736069e-02
7.507908721544984676e-01 2.304667431929103422e-02
7.570762748651901353e-01 2.267671547971482349e-02
7.633652442780797243e-01 2.223827553006933744e-02
7.696523768503739094e-01 2.184381785960240116e-02
7.759443911184177312e-01 2.146873231409453242e-02
7.822388793759307291e-01 2.107944026106993787e-02
7.885422505712965657e-01 2.072834917518797532e-02
7.947958170677573708e-01 2.035162681103012614e-02
8.010501857211035359e-01 2.000428526318389147e-02
8.073371699120777123e-01 1.964143419923177272e-02
8.136256953004623593e-01 1.930549365283298208e-02
8.199185768310989220e-01 1.896525326353173946e-02
8.261975950269245805e-01 1.863694224102140085e-02
8.324916626456120294e-01 1.831710672050364946e-02
8.387980487119468531e-01 1.796835504941267717e-02
8.450681625339854230e-01 1.769041876689054008e-02
8.513326310877129544e-01 1.735947342999090773e-02
8.576229699198910650e-01 1.707187347514851558e-02
8.639079722665760075e-01 1.676666918785231844e-02
8.701845317394016899e-01 1.648868623742737183e-02
8.764647451447489246e-01 1.619029475940696530e-02
8.827524554796379874e-01 1.591721253185958418e-02
8.890360933084631156e-01 1.565436832566709582e-02
8.953122302139767674e-01 1.539006505410422075e-02
9.015989135410911182e-01 1.509550979135767211e-02
9.078856597069530077e-01 1.485269612233158960e-02
9.141777176955673267e-01 1.459261650310910742e-02
9.204705311210197305e-01 1.432599848416001367e-02
9.267502199878263625e-01 1.408286558898155100e-02
9.330346272813238029e-01 1.384022735648375406e-02
9.393297286529698198e-01 1.361328748492533595e-02
9.456020466528652912e-01 1.337361969893893603e-02
9.518687891863797379e-01 1.312529878538528684e-02
9.581418737840891042e-01 1.291854744028541994e-02
9.644369887048810375e-01 1.269723852644609463e-02
9.707375181351720617e-01 1.244730140663543108e-02
9.770097663529486720e-01 1.224954465880469592e-02
9.832835755838400527e-01 1.203426045175831106e-02
9.895569992810110405e-01 1.181940493529567808e-02
9.958480710782616763e-01 1.160631009795778240e-02
1.002138575493429995e+00 1.141315807256285987e-02
1.008406592376542843e+00 1.121404868328444888e-02
1.014697842972237973e+00 1.101867109134495662e-02
1.020995892874764666e+00 1.081538233694752035e-02
1.027276368069287793e+00 1.062608359086609187e-02
1.033563189136701643e+00 1.044995859178740605e-02
1.039851148620366539e+00 1.026448837662955436e-02
1.046127943161246687e+00 1.008029071757132918e-02
1.052404895272092133e+00 9.893829679610863931e-03
1.058683000430492127e+00 9.720795878225930303e-03
1.064967127327474117e+00 9.541276467517345594e-03
1.071258688161570438e+00 9.375827150851249667e-03
1.077544330604543799e+00 9.216345549158211012e-03
1.083828423436568711e+00 9.044402326076740259e-03
1.090113342297217791e+00 8.874148033583372300e-03
1.096393171946581147e+00 8.714125364295291498e-03
1.102683425690332397e+00 8.559718830109802959e-03
1.108964675464843452e+00 8.403434298487062748e-03
1.115226705913353378e+00 8.256857545712582153e-03
1.121503167812783808e+00 8.105897259373518252e-03
1.127793382225193985e+00 7.957935370836657571e-03
1.134092036465484288e+00 7.808891309485414822e-03
1.140366923395659482e+00 7.675432174761763482e-03
1.146641931784804447e+00 7.523537278047413498e-03
1.152944617322677390e+00 7.386892165857156939e-03
1.159230356871362666e+00 7.251083465517655854e-03
1.165510994903905084e+00 7.114579026428431707e-03
1.171794297100004156e+00 6.984504743981426698e-03
1.178088255559602393e+00 6.849735309754218827e-03
1.184371772446566995e+00 6.724793626262028957e-03
1.190639487122887363e+00 6.596588214027151488e-03
1.196916336380001056e+00 6.470911831197543283e-03
1.203204375371396573e+00 6.349974344176597361e-03
1.209488225901738323e+00 6.237805830130329840e-03
1.215765679709200020e+00 6.109003541168303748e-03
1.222058041744503942e+00 6.002186263952031739e-03
1.228350115998196657e+00 5.878112565817514810e-03
1.234637679107109420e+00 5.769449301767926030e-03
1.240908145406735441e+00 5.655534402977326243e-03
1.247180835746598104e+00 5.557991148683491707e-03
1.253468531500335770e+00 5.434376720728955126e-03
1.259751636995439350e+00 5.334835897150429045e-03
1.266035077425267108e+00 5.228048463998082908e-03
1.272321570618527797e+00 5.125673992666206040e-03
1.278608208280544778e+00 5.035790881461750870e-03
1.284887298154571367e+00 4.919534123614693714e-03
1.291176964274221017e+00 4.836237906198609382e-03
1.297469848393144831e+00 4.736153976397714307e-03
1.303745183221867832e+00 4.639857080651357824e-03
1.310019952103037566e+00 4.545669417224931265e-03
1.316304889985511428e+00 4.459381752816391799e-03
1.322589692250816240e+00 4.372513916702762057e-03
1.328868076233011619e+00 4.282069291411851573e-03
1.335146302472670188e+00 4.190515128497309706e-03
1.341442338921303268e+00 4.109600705634303304e-03
1.347732504022160827e+00 4.022274962714214065e-03
1.354002360904259961e+00 3.940877128878981887e-03
1.360285090555885645e+00 3.860667748923828253e-03
1.366569991348876023e+00 3.784228213611641120e-03
1.372854357884312648e+00 3.704941683441080862e-03
1.379136732473180915e+00 3.624401677252110047e-03
1.385410660878153122e+00 3.556863268051221796e-03
1.391699780091347760e+00 3.477629960668757528e-03
1.397986514487977949e+00 3.404551494050071271e-03
1.404269431125305445e+00 3.336657398039719058e-03
1.410558481592738334e+00 3.264856982256456302e-03
1.416841921169897933e+00 3.195929892283236578e-03
1.423120638450376285e+00 3.129031945019519669e-03
1.429399525711986918e+00 3.064903370811697218e-03
1.435687195920436032e+00 2.996257797101496353e-03
1.441978909597384506e+00 2.932617383131983380e-03
1.448256353182435952e+00 2.868012171968856334e-03
1.454533979889224504e+00 2.808358583579138520e-03
1.460823291195719742e+00 2.750777165665547076e-03
1.467115297699349785e+00 2.689039807943657129e-03
1.473396431849603117e+00 2.628234050276889115e-03
1.479672187129404293e+00 2.568791840749530715e-03
1.485957336950811003e+00 2.520017584189932370e-03
1.492235428844137068e+00 2.461634823983803368e-03
1.498505563158792242e+00 2.406892751674832506e-03
1.504788033368229971e+00 2.357371519345390076e-03
1.511077562324459223e+00 2.304262585402010351e-03
1.517363063341846008e+00 2.249203675661402661e-03
1.523653270341324806e+00 2.204710441562940208e-03
1.529942912799504340e+00 2.154983536677638166e-03
1.536231829420274808e+00 2.106948193745895176e-03
1.542513327069792606e+00 2.057927493204509111e-03
1.548785556440221534e+00 2.012713448964624334e-03
1.555073465503286512e+00 1.971537648064921808e-03
1.561358245907146003e+00 1.922009384791447967e-03
1.567631451431686029e+00 1.882874477215160276e-03
1.573918013544226335e+00 1.837389514113120601e-03
1.580207648268701970e+00 1.797672515078669762e-03
1.586489494063065386e+00 1.755948376734115272e-03
1.592763080732128689e+00 1.718591063388173398e-03
1.599049662621118140e+00 1.679593625040537615e-03
1.605345053337696948e+00 1.640152044799719246e-03
1.611620459129566862e+00 1.602722229926770332e-03
1.617898365736541777e+00 1.567877070943346539e-03
1.624184845436249969e+00 1.531206866073946951e-03
1.630466505740439054e+00 1.497248912188104417e-03
1.636751035144561328e+00 1.463651313933940533e-03
1.643032775792161226e+00 1.428854986908865412e-03
1.649311205731157637e+00 1.398006617078126909e-03
1.655595559618384449e+00 1.366588311005235415e-03
1.661881635856505390e+00 1.333728431534979579e-03
1.668171353955333336e+00 1.307556256326081754e-03
1.674453350850270361e+00 1.274104135189794334e-03
1.680725924646356395e+00 1.245955693552095291e-03
1.687014542692673036e+00 1.219413420819754181e-03
1.693310190593907416e+00 1.191995633804006404e-03
1.699585582287156615e+00 1.166374381553010727e-03
1.705866511081394421e+00 1.138448081834082500e-03
1.712160676675390514e+00 1.114038146714967136e-03
1.718444821026641867e+00 1.092552326071880324e-03
1.724722780324677629e+00 1.066994928352532580e-03
1.730998407906060743e+00 1.043941241279282414e-03
1.737287228726877686e+00 1.022043532106751930e-03
1.743568303176275425e+00 9.999071504003937110e-04
1.749841689593745420e+00 9.808741482984900933e-04
1.756129388522271517e+00 9.585048188285902153e-04
1.762415116633644363e+00 9.416177468768207595e-04
1.768698244482999726e+00 9.210825660412274955e-04
1.774980086402522028e+00 9.033862012363374355e-04
1.781265981096536777e+00 8.872216935441418163e-04
1.787550624457374449e+00 8.701989795987527879e-04
1.793835833491845833e+00 8.532758183727688758e-04
1.800117311233924822e+00 8.400353669038296278e-04
1.806395490080128896e+00 8.260656555554466915e-04
1.812674669631440416e+00 8.140728053887266247e-04
1.818957879507353992e+00 7.993015536992285940e-04
1.825245306758315422e+00 7.879566191223684197e-04
1.831528271693480647e+00 7.792077701587374252e-04
1.837812827050599118e+00 7.690400852833353213e-04
1.844103367940866489e+00 7.590787397443614143e-04
1.850386948924649388e+00 7.507446460357903141e-04
1.856666935595761014e+00 7.438642511461620319e-04
1.862948995952047992e+00 7.368469467935193301e-04
1.869230662203537285e+00 7.304599927204532932e-04
1.875518523852231834e+00 7.270510837683925474e-04
1.881801828956604083e+00 7.227246960842119731e-04
1.888079605905484737e+00 7.198636291246463155e-04
1.894354917179238207e+00 7.176741284466400025e-04
1.900643508338552223e+00 7.167044237733976404e-04
1.906933681097740418e+00 7.171744639720186842e-04
1.913208537729330194e+00 7.166636024473457866e-04
1.919491876081842907e+00 7.217653361611047836e-04
1.925778583551117418e+00 7.249607017990975389e-04
1.932066442879381896e+00 7.275319134033901526e-04
1.938345779800252577e+00 7.345422191623845586e-04
1.944621163117130624e+00 7.392638789833903996e-04
1.950906419736068598e+00 7.463000780293685367e-04
1.957194922928259695e+00 7.556166453360269909e-04
1.963480698366232735e+00 7.656678513095336496e-04
1.969761129083444473e+00 7.804582275300033433e-04
1.976050304691988391e+00 7.880371798962428715e-04
1.982339908457910083e+00 8.037759635659589641e-04
1.988618349245825812e+00 8.188796997822539578e-04
1.994897766502643721e+00 8.352524708428883107e-04
2.001180771161680028e+00 8.525750774926372545e-04
2.007460336186321026e+00 8.719151814699334976e-04
2.013738753216055777e+00 8.942067382183578996e-04
2.020018986124832772e+00 9.181352365861745243e-04
2.026310836118350167e+00 9.404695897250462322e-04
2.032601207862052561e+00 9.690057937681603555e-04
2.038875504895327317e+00 9.960850133396998568e-04
2.045155551699306962e+00 1.019554097216285142e-03
2.051445731990026999e+00 1.052331291361130634e-03
2.057731375213294633e+00 1.084040023311351854e-03
2.064016423384301913e+00 1.124424121637109626e-03
2.070302827783211619e+00 1.148557162264948793e-03
2.076590615358942848e+00 1.195375729130247104e-03
2.082865814675600280e+00 1.230190109220294413e-03
2.089135078390696343e+00 1.272587808934632974e-03
2.095424699602885799e+00 1.316742567080303591e-03
2.101708259047597949e+00 1.364525915086195734e-03
2.107987807301212158e+00 1.404866098818523951e-03
2.114274337075186416e+00 1.457244820930667746e-03
2.120555211422834319e+00 1.517308004702110861e-03
2.126838540980260372e+00 1.555905839899993093e-03
2.133123767198004117e+00 1.624798847528653809e-03
2.139413031894335848e+00 1.677537908975360037e-03
2.145698041890389263e+00 1.743456662500409348e-03
2.151974340624452253e+00 1.816505303139630961e-03
2.158260630891077003e+00 1.863562258870085989e-03
2.164546658731809625e+00 1.950116475471040797e-03
2.170832823837292480e+00 2.011485543427818726e-03
2.177115967197242430e+00 2.097769874869987415e-03
2.183389032615354441e+00 2.168997712390236410e-03
2.189670975244353279e+00 2.245524156403695161e-03
2.195960831894089527e+00 2.336400395921370537e-03
2.202245817416866203e+00 2.415486123148376154e-03
2.208524601220368755e+00 2.511107870812282795e-03
2.214805589383115780e+00 2.598157687512566219e-03
2.221093631642824917e+00 2.702071777450546549e-03
2.227374275520719316e+00 2.803186227250798520e-03
2.233658333286540287e+00 2.894778333171883940e-03
2.239946072329966231e+00 3.008265687841002456e-03
2.246226850917138140e+00 3.101063522927679714e-03
2.252506781988718565e+00 3.228975338344140713e-03
2.258783643789477491e+00 3.340341009717708119e-03
2.265069381259946724e+00 3.445601270957883693e-03
2.271351266578538919e+00 3.578020946656789315e-03
2.277635010148555850e+00 3.709138021465992457e-03
2.283922963308533394e+00 3.863464138744904502e-03
2.290204538958168001e+00 3.973825361045583461e-03
2.296492854789115245e+00 4.116631813096681067e-03
2.302773836462560286e+00 4.271392799038912017e-03
2.309052848528886148e+00 4.415594503446953513e-03
2.315340397783157922e+00 4.569382942367701539e-03
2.321629550362612981e+00 4.713863585515491554e-03
2.327914834812394584e+00 4.893282638505107827e-03
2.334189028016975698e+00 5.048977361666524485e-03
2.340468735514670495e+00 5.242105426032327847e-03
2.346757573269963704e+00 5.391922168164369963e-03
2.353046701279460251e+00 5.587243553819601707e-03
2.359329919851476554e+00 5.784938088823369552e-03
2.365603805485394950e+00 6.002629340761471768e-03
2.371887442159951398e+00 6.150799734690327002e-03
2.378175480496420580e+00 6.374011603862979325e-03
2.384455602231496218e+00 6.566649952553484798e-03
2.390737631861327372e+00 6.781919608223695335e-03
2.397015688929587718e+00 7.016448311261477312e-03
2.403297559533717376e+00 7.253849816464932702e-03
2.409586419743307228e+00 7.489108023750205324e-03
2.415875314660682172e+00 7.705933236447239272e-03
2.422164535679191655e+00 7.921187068777122559e-03
2.428442137972055104e+00 8.229798344647801592e-03
2.434719213815070837e+00 8.453750168554298450e-03
2.441002915255427563e+00 8.707058195685549520e-03
2.447292244015294216e+00 9.018060168917683278e-03
2.453574548397714494e+00 9.338542683624261390e-03
2.459853950840888093e+00 9.568157986732087408e-03
2.466141393364139400e+00 9.846872135100584802e-03
2.472424340910468477e+00 1.015753092608802539e-02
2.478699559716526224e+00 1.047910614782074021e-02
2.484981956405843295e+00 1.083704864893841879e-02
2.491271774374293368e+00 1.106501312288582159e-02
2.497550925125272325e+00 1.147826027443575418e-02
2.503833126215876170e+00 1.179616904884939546e-02
2.510118697329297710e+00 1.216243453487351675e-02
2.516402124721602629e+00 1.255759081765545071e-02
2.522689938852853420e+00 1.291316192369767676e-02
2.528973288009538134e+00 1.331704126733296648e-02
2.535253600549877362e+00 1.371029223164648737e-02
2.541538941914911476e+00 1.412026877766339901e-02
2.547825021627405206e+00 1.448535649084230041e-02
2.554103008122937002e+00 1.502040815110454799e-02
2.560378237915397648e+00 1.531389869416759086e-02
2.566669017775174755e+00 1.581526554826671871e-02
2.572956571054420216e+00 1.625928461551439524e-02
2.579236104287966125e+00 1.679741688303624733e-02
2.585522655546601989e+00 1.725271297906013496e-02
2.591808172184224546e+00 1.782113320049874550e-02
2.598087543498381002e+00 1.819297949244765358e-02
2.604361437550918978e+00 1.884827579064482506e-02
2.610647591905687293e+00 1.929369138920738330e-02
2.616933270352379548e+00 1.977675656935379625e-02
2.623207934884185466e+00 2.061739428632296256e-02
2.629492944384940412e+00 2.103924332926147139e-02
2.635779602277390499e+00 2.175388210479473408e-02
2.642061794567720945e+00 2.230032914562128654e-02
2.648344685049869529e+00 2.305004679784361868e-02
2.654633852395646088e+00 2.365876037386413847e-02
2.660920832685793602e+00 2.450028198754428815e-02
2.667200003651473139e+00 2.523779161106011124e-02
2.673485665061926309e+00 2.585070210265211221e-02
2.679774189917022653e+00 2.659587609471620803e-02
2.686059197445316293e+00 2.722959891478763869e-02
2.692340742040600254e+00 2.819082090045892802e-02
2.698619785325931719e+00 2.892573233001301258e-02
2.704896067289608741e+00 2.985197877535122196e-02
2.711176296267862273e+00 3.069470710415888454e-02
2.717460477624493720e+00 3.150168484954287557e-02
2.723746785600710485e+00 3.257030391251773682e-02
2.730040839622854598e+00 3.337047019207073362e-02
2.736320462271965681e+00 3.437200210344734663e-02
2.742593167856604897e+00 3.564496493905877639e-02
2.748880654965284887e+00 3.664795713023433904e-02
2.755164406907204988e+00 3.799920593767538296e-02
2.761447966179410241e+00 3.899702429437938711e-02
2.767734949986044413e+00 4.010977373379177174e-02
2.774018204230510154e+00 4.108710993069971534e-02
2.780299459131881701e+00 4.254007687319327768e-02
2.786578380850841974e+00 4.422372175367716290e-02
2.792858749059577761e+00 4.516580922589712860e-02
2.799144688897090116e+00 4.684931433856050903e-02
2.805431744286055018e+00 4.840117534704883873e-02
2.811716466586489993e+00 4.974270671739794425e-02
2.817990514261363710e+00 5.174422736462613859e-02
2.824271178017407902e+00 5.265741150485894057e-02
2.830565310473360352e+00 5.451598715751813928e-02
2.836850361681537702e+00 5.666943184746450757e-02
2.843131259198828698e+00 5.894634252715934275e-02
2.849415373186487965e+00 6.115574677864819148e-02
2.855698064670956882e+00 6.251251390674851527e-02
2.861978975302818640e+00 6.497380813411339495e-02
2.868263635614905827e+00 6.683793147931731127e-02
2.874548572895146759e+00 6.981701054143030216e-02
2.880833509046437424e+00 7.257785900212977703e-02
2.887115914775806313e+00 7.445777598385050489e-02
2.893396211301912935e+00 7.790755016635064756e-02
2.899675259048415388e+00 8.061698691000675210e-02
2.905955807169823046e+00 8.333966074644121036e-02
2.912242784565592046e+00 8.689590646222017378e-02
2.918528489082492516e+00 9.067375522939991050e-02
2.924812236943901578e+00 9.423949657379358802e-02
2.931097264553834236e+00 9.777873688843141675e-02
2.937379046647154990e+00 1.032018159045705319e-01
2.943662417245681340e+00 1.072600789857309223e-01
2.949948997849719756e+00 1.115576148616463925e-01
2.956228453902073561e+00 1.170022932905405988e-01
2.962510840116227673e+00 1.221615070780186635e-01
2.968797192440125965e+00 1.277359946852257011e-01
2.975078489423049533e+00 1.331064432674903542e-01
2.981360447198230457e+00 1.399729087492782020e-01
2.987647323528414223e+00 1.488242474149506223e-01
2.993932064934300641e+00 1.538884299606135542e-01
3.000209551562139421e+00 1.624172193680409049e-01
3.006487470944601892e+00 1.687972339467142535e-01
3.012770586989486521e+00 1.800046500929413096e-01
3.019055028984091837e+00 1.906654962716281543e-01
3.025339593109035885e+00 1.994575878131973345e-01
3.031624651041083141e+00 2.138426259842034771e-01
3.037909525040372927e+00 2.245687587033214916e-01
3.044196264475506730e+00 2.405227576597703254e-01
3.050477886447245712e+00 2.590310040609802300e-01
3.056756711732924625e+00 2.745210074346814966e-01
3.063041213115731409e+00 2.940574843147210626e-01
3.069324013399330031e+00 3.183517861779549540e-01
3.075611272807551533e+00 3.349537184354608454e-01
3.081895489281643030e+00 3.607974142929562533e-01
3.088176199887292306e+00 3.974179350390630305e-01
3.094459112917897325e+00 4.214269922261001389e-01
3.100744234350492956e+00 4.732377988414817604e-01
3.107029324214496846e+00 5.126204316635866176e-01
3.113310425776543600e+00 5.679689594805175101e-01
3.119592029507459507e+00 6.033134826746722190e-01
3.125875559417674587e+00 6.727693116157733577e-01
3.132160147770352676e+00 7.301379802339645897e-01
3.138440210879888337e+00 8.752817145857966219e-01
3.144724491651683440e+00 9.499340221147332120e-01
3.151004924765398840e+00 1.114845711996572231e+00
3.157285342196649136e+00 1.217547896726757894e+00
3.163570603826113992e+00 1.374473658279718569e+00
3.169852350185627277e+00 1.572205675130723179e+00
3.176138770387999966e+00 1.828160595263099708e+00
3.182422419512343836e+00 2.011113898536073474e+00
3.188703671424619746e+00 2.394784334679210591e+00
3.194991280550246948e+00 2.759099017799762965e+00
3.201276738120839127e+00 3.484794188891660482e+00
3.207553033218304872e+00 4.474563350316194565e+00
3.213836161597863672e+00 2.898939038594436912e+00
3.220123259784395398e+00 2.118646628736428283e+03
3.226407551420531483e+00 3.484693375866647624e+00
3.232689305629245613e+00 4.073806281080866398e+00
3.238971071582136041e+00 3.270580426532313734e+00
3.245255685894246067e+00 2.761219147456428047e+00
3.251535715250951863e+00 2.411196689189229581e+00
3.257819502328903827e+00 2.073948651862778991e+00
3.264103492610594071e+00 1.855836965186096865e+00
3.270384810144397303e+00 1.601256575102279367e+00
3.276670428022039783e+00 1.475151423070067969e+00
3.282955566270326919e+00 1.334232052351318476e+00
3.289237716703969916e+00 1.182267495553725345e+00
3.295520653962330293e+00 1.052416609348036936e+00
3.301807644101458550e+00 9.240989756691193602e-01
3.308089302529158449e+00 8.531219771410036845e-01
3.314368987794545252e+00 7.493341900212246998e-01
3.320652691368451315e+00 7.007509409390745292e-01
3.326932422871479833e+00 6.217465200150597004e-01
3.333218115701501727e+00 5.671484945364990704e-01
3.339505861603602188e+00 5.251875945366613063e-01
3.345788344868127595e+00 4.935330165882803044e-01
3.352073190624765164e+00 4.555013036665341297e-01
3.358352694183646125e+00 4.275075970040360662e-01
3.364631227903127186e+00 4.020709371732952286e-01
3.370918965384773536e+00 3.711059366285655026e-01
3.377201513381668629e+00 3.575734926893606169e-01
3.383485934595764633e+00 3.340127060956936123e-01
3.389772491671652066e+00 3.133520139817679295e-01
3.396053991719500509e+00 2.974461452004214523e-01
3.402334005192525712e+00 2.805793430045107617e-01
3.408611853508482170e+00 2.690876526252435341e-01
3.414897839864825535e+00 2.566221408506414448e-01
3.421181285155862728e+00 2.426421765093540184e-01
3.427465364374100876e+00 2.333328685440772543e-01
3.433754096688785840e+00 2.244070619586942261e-01
3.440035356242748144e+00 2.156676237333409740e-01
3.446315808169163386e+00 2.054425787481250487e-01
3.452602963757077426e+00 1.960725701179313052e-01
3.458885619127623823e+00 1.899026080442009767e-01
3.465165758924614980e+00 1.813010258892756854e-01
3.471451503231973046e+00 1.744109412684961835e-01
3.477736678957558336e+00 1.702398505740383983e-01
3.484022358005950615e+00 1.642435194526416231e-01
3.490300354914448899e+00 1.563965574609873233e-01
3.496585015994501777e+00 1.540392437471514997e-01
3.502870831105572069e+00 1.485758423926006877e-01
3.509147722814735637e+00 1.441053819806844272e-01
3.515429662141086098e+00 1.395082163217381821e-01
3.521712008697834850e+00 1.349504446748213959e-01
3.527993736944767811e+00 1.315903390526587946e-01
3.534279159635547618e+00 1.282373501871811872e-01
3.540566564128809546e+00 1.235437824533980322e-01
3.546847878650843722e+00 1.218773000463824474e-01
3.553133555247947939e+00 1.191977688670183555e-01
3.559420214763478363e+00 1.154371537632566391e-01
3.565699480408631494e+00 1.131484870807310389e-01
3.571981368517234134e+00 1.105204142615052454e-01
3.578268698423837879e+00 1.071179513132387434e-01
3.584550774530670392e+00 1.052590621886345390e-01
3.590828935987784298e+00 1.030711106281396866e-01
3.597110718088889492e+00 1.006189793468017651e-01
3.603396512424406506e+00 9.911367742389363966e-02
3.609676747082802173e+00 9.645333439701389566e-02
3.615957977992316330e+00 9.535517048399171081e-02
3.622243580426721010e+00 9.264654206559380656e-02
3.628522628462809596e+00 9.167509346044208640e-02
3.634808120005133425e+00 8.948817204811949921e-02
3.641096965386622752e+00 8.850464706506387669e-02
3.647384913781243299e+00 8.671277899913505671e-02
3.653666753133836043e+00 8.535283429290560497e-02
3.659947726352769770e+00 8.442505231510447072e-02
3.666234893709818365e+00 8.283558149450394315e-02
3.672516996003137191e+00 8.210284544713070121e-02
3.678797940623468765e+00 8.049794637550095056e-02
3.685082198750683435e+00 7.936613913197222703e-02
3.691363013935667237e+00 7.862397453313436924e-02
3.697646206996081375e+00 7.720491965948134139e-02
3.703928900991629636e+00 7.697938409773601165e-02
3.710211472841704605e+00 7.596318292007550599e-02
3.716497167052446926e+00 7.514135355284622120e-02
3.722777172938726675e+00 7.458971330835641178e-02
3.729061287240359235e+00 7.297895698375289619e-02
3.735344545777875336e+00 7.315405409120634417e-02
3.741626449543836941e+00 7.219034181769573566e-02
3.747909505093512728e+00 7.171474771481049781e-02
3.754193016198873689e+00 7.122569805807127397e-02
3.760479637558913790e+00 7.079476011568271165e-02
3.766759446133269851e+00 7.040747026981514223e-02
3.773037643559592702e+00 6.944235596100144237e-02
3.779325182447645037e+00 6.959390616461355594e-02
3.785611241998332765e+00 6.905851428536312342e-02
3.791893886399857028e+00 6.871242533635203709e-02
3.798178379008452232e+00 6.868948529620004517e-02
3.804460597007844669e+00 6.825590945030096668e-02
3.810741293786842121e+00 6.882012151437796876e-02
3.817024656157668172e+00 6.802134078800999017e-02
3.823308984901775620e+00 6.807287315843985054e-02
3.829591178579501598e+00 6.809328069287605423e-02
3.835873668636422096e+00 6.768730950435794536e-02
3.842161045612500381e+00 6.833528621903622868e-02
3.848445733590433626e+00 6.752434921855256234e-02
3.854726100441019820e+00 6.856214742382367444e-02
3.861008152561713036e+00 6.812394164232654648e-02
3.867288667520160317e+00 6.805371148959780958e-02
3.873571407143857837e+00 6.869436209154484996e-02
3.879855154507281689e+00 6.842917834160845703e-02
3.886140680133453706e+00 6.939997705981652831e-02
3.892423554426630350e+00 6.910909492507848195e-02
3.898707135643554089e+00 6.986082458098388792e-02
3.904992757440263862e+00 7.032958553837294347e-02
3.911274451483945036e+00 7.011775739570283439e-02
3.917556732333046021e+00 7.152168339437514621e-02
3.923841166575323225e+00 7.093121374052971384e-02
3.930124816016721478e+00 7.262908183447716604e-02
3.936403665333011226e+00 7.260471867131808310e-02
3.942687802723190860e+00 7.295009861626530756e-02
3.948975148759096498e+00 7.456784271630004235e-02
3.955262046498601247e+00 7.374354198384801273e-02
3.961543413939611291e+00 7.657032904372020055e-02
3.967823997647459411e+00 7.595588682317952478e-02
3.974109649109424769e+00 7.743122209888061991e-02
3.980390315513306465e+00 7.873712746975297661e-02
3.986670633178865497e+00 7.812964983939256480e-02
3.992954341574337374e+00 8.152071733358526306e-02
3.999239437674898312e+00 8.053504089340596250e-02
4.005522652480014045e+00 8.308263950137660669e-02
4.011802048177673718e+00 8.405925601139725700e-02
4.018085141715408426e+00 8.427596665465598991e-02
4.024369535233901729e+00 8.758470360411954592e-02
4.030649783293330124e+00 8.621854491700671475e-02
4.036932679129111357e+00 9.052666697003200480e-02
4.043220418290019325e+00 9.045144304500250809e-02
4.049507661662086200e+00 9.219050522584633367e-02
4.055788045907045891e+00 9.490321721535370514e-02
4.062067059164522043e+00 9.372788260695359697e-02
4.068352854787344874e+00 1.002720173775827062e-01
4.074635659509510788e+00 9.888355502678895792e-02
4.080917054045270831e+00 1.024465448203405321e-01
4.087205686088069889e+00 1.040168003660657398e-01
4.093490301644573393e+00 1.046674405803911939e-01
4.099770438207295697e+00 1.111037123204418192e-01
4.106052527015961573e+00 1.095260168651440852e-01
4.112336138144955910e+00 1.152762889485163394e-01
4.118621532583603972e+00 1.157366042096137498e-01
4.124903585067976941e+00 1.188679997840726282e-01
4.131182712642240240e+00 1.238953646311283935e-01
4.137468630000815217e+00 1.214961784286395369e-01
4.143753536347550614e+00 1.329265828392784121e-01
4.150036722937140432e+00 1.304412194608655651e-01
4.156319556835904372e+00 1.358868327629379757e-01
4.162601167118149981e+00 1.406117355362610233e-01
4.168887134570721464e+00 1.389136780315358977e-01
4.175169561765874171e+00 1.523706507798788246e-01
4.181452242899395877e+00 1.486859374680163104e-01
4.187739255360579449e+00 1.600833324082482634e-01
4.194021594670000574e+00 1.613430317845788997e-01
4.200300760695198754e+00 1.639970687140260008e-01
4.206583573312412838e+00 1.760796647283348337e-01
4.212864548425995892e+00 1.701428956082063904e-01
4.219147128485455589e+00 1.923628551839478007e-01
4.225433661438403377e+00 1.869254068962605819e-01
4.231718368477329406e+00 1.984443491819884720e-01
4.237998895475036498e+00 2.061845971166633706e-01
4.244279597466258380e+00 1.998680504077094133e-01
4.250566280105218198e+00 2.344178945854625551e-01
4.256851587952112936e+00 2.188739500826406004e-01
4.263132860899111698e+00 2.433631714107840904e-01
4.269414568915884445e+00 2.482415789638738879e-01
4.275698115740782512e+00 2.474683130321057301e-01
4.281980156021848671e+00 2.832873316493413340e-01
4.288263338818810944e+00 2.619928453357474041e-01
4.294548516739729926e+00 3.109676566665849906e-01
4.300830910891001224e+00 2.975427101631031301e-01
4.307114686814344395e+00 3.193314995906401110e-01
4.313397714262970695e+00 3.448672389209498368e-01
4.319680042548951882e+00 3.173553810485303384e-01
4.325962677260454470e+00 4.106818529110000116e-01
4.332247955255882133e+00 3.683425120776177564e-01
4.338534851577296791e+00 4.295488716910096927e-01
4.344817821624197940e+00 4.282605418253450091e-01
4.351099303949236052e+00 4.210719113139183012e-01
4.357383544198474290e+00 5.319884237274744576e-01
4.363669160634735533e+00 4.588600335420164877e-01
4.369952160826413134e+00 5.985227150480593172e-01
4.376231841677308942e+00 5.482318852336794945e-01
4.382510196913425915e+00 6.227306721740183404e-01
4.388795959382868261e+00 6.928290371588655683e-01
4.395079843903230810e+00 5.903338295861524365e-01
4.401360933733665881e+00 8.993599346426637275e-01
4.407643714302012405e+00 7.181241550830848031e-01
4.413926461136920665e+00 9.789983487883048285e-01
4.420212544897195173e+00 9.184004991716332444e-01
4.426495749838379012e+00 8.849465119154081849e-01
4.432779159072235409e+00 1.373114204783302927e+00
4.439059915458222427e+00 1.001474788867369181e+00
4.445341878237662137e+00 1.671873095073606486e+00
4.451628428868033005e+00 1.295756258543240946e+00
4.457914551035861095e+00 1.824059205727360800e+00
4.464200235517868265e+00 1.933831742289709332e+00
4.470482182628605194e+00 1.614998713458607016e+00
4.476764673345638990e+00 3.231213055814024848e+00
4.483049464187839561e+00 2.083530709773806056e+00
4.489333155731497271e+00 4.056937310950943676e+00
4.495613345822325080e+00 2.872213351777776147e+00
4.501892119142445026e+00 2.834904912258812359e+00
4.508175121787952655e+00 6.197154234909183934e+00
4.514460900366407792e+00 3.757430296212765253e+00
4.520742053546796591e+00 8.930127769738851029e+00
4.527023810359859013e+00 5.719623933761729617e+00
4.533308960469576654e+00 1.166713501046667290e+01
4.539592363903683037e+00 7.381092149067422170e+00
4.545874919538348990e+00 5.553548185446540053e+00
4.552157687156885402e+00 2.475453637166818226e+03
4.558443781612104395e+00 6.676494221930181716e+00
4.564727638565654111e+00 1.251064975796622214e+01
4.571009437592583602e+00 5.298424924569006933e+00
4.577294624203679163e+00 4.404436260590935959e+00
4.583578089646453968e+00 7.540816756719423530e+00
4.589862179487309568e+00 3.444890464269071639e+00
4.596143999485379439e+00 5.479105686772427930e+00
4.602425263016355572e+00 2.904634093047125720e+00
4.608712017363744806e+00 3.193977078400810132e+00
4.614996038799121791e+00 3.325744932476293769e+00
4.621277296175202665e+00 1.984900331683303820e+00
4.627559936726636458e+00 2.944609982799206715e+00
4.633841741478233800e+00 1.675548385699746623e+00
4.640122475394416135e+00 2.016936031056667744e+00
4.646404355152583321e+00 1.681586757466274396e+00
4.652690604636823046e+00 1.227485069748020186e+00
4.658976230417983366e+00 1.722590863201499456e+00
4.665257901055365863e+00 1.105975162692969027e+00
4.671540647875587204e+00 1.287727127241913738e+00
4.677823961431464284e+00 1.073401744034943928e+00
4.684108235097336426e+00 8.419943333709314359e-01
4.690391798870516382e+00 1.156537394096449178e+00
4.696675467203847987e+00 7.810803256892476787e-01
4.702958737792436672e+00 9.174346531769319579e-01
4.709239588303709922e+00 7.587878381687142015e-01
4.715521529300301218e+00 7.064308888405309572e-01
4.721804241650856326e+00 7.567948141687438346e-01
4.728088995851720711e+00 5.966443594995410882e-01
4.734372372593826483e+00 6.964705879053210147e-01
4.740653441478511532e+00 5.699213677125343214e-01
4.746937690136521226e+00 5.689677341749179718e-01
4.753220866740556438e+00 5.640149636582565407e-01
4.759499584445610942e+00 4.720684319286793662e-01
4.765784674643524177e+00 5.448705777438018760e-01
4.772072066667437440e+00 4.565903187968953780e-01
4.778354574712954772e+00 4.667616909458059404e-01
4.784639688699459548e+00 4.401996039662582350e-01
4.790924571112255670e+00 4.004561266082691251e-01
4.797207630427470448e+00 4.333590283163577528e-01
4.803491281906666188e+00 3.713126907957045586e-01
4.809774797188141271e+00 3.925931880313876521e-01
4.816055012942697999e+00 3.609893693725952368e-01
4.822335756210613056e+00 3.445735555331697064e-01
4.828618372965728156e+00 3.513405527327701505e-01
4.834902420031529147e+00 3.151695492192176373e-01
4.841185408631580422e+00 3.366088629787973296e-01
4.847466912745727718e+00 3.050980120870879775e-01
4.853753607692918415e+00 3.019309851326275052e-01
4.860040654770696023e+00 2.970859331233028366e-01
4.866322071713594433e+00 2.743024286290367542e-01
4.872604241020684235e+00 2.904805114873683647e-01
4.878889019589767173e+00 2.644179856278499607e-01
4.885169833709484877e+00 2.670684080823840234e-01
4.891451276335970988e+00 2.570109472583331223e-01
4.897735676523086390e+00 2.461667418135106700e-01
4.904020888466774863e+00 2.504898903758069895e-01
4.910302466098539043e+00 2.331707576631358025e-01
4.916582728670469749e+00 2.393239972225117973e-01
4.922870405746558653e+00 2.276007817529041577e-01
4.929152603204811633e+00 2.239779751368050908e-01
4.935433400905724355e+00 2.226386468688945075e-01
4.941720002621369012e+00 2.093590267930980353e-01
4.948000629162284447e+00 2.170835041942558441e-01
4.954284600437537378e+00 2.051869172861564561e-01
4.960568964118362345e+00 2.048420946525001674e-01
4.966849452054189484e+00 2.003653316345240798e-01
4.973133312553746244e+00 1.944380556650169845e-01
4.979416667731975110e+00 1.977090441037673008e-01
4.985701847394269137e+00 1.880978947033381254e-01
4.991986126907685062e+00 1.897004174472729510e-01
4.998266089552569014e+00 1.862511060953306596e-01
5.004548850075229538e+00 1.822258029715340955e-01
5.010834613416704109e+00 1.827176151622662836e-01
5.017114133618883365e+00 1.757334566035960721e-01
5.023396754503464123e+00 1.800525667192975909e-01
5.029682555385535103e+00 1.745999333533107545e-01
5.035962952494468681e+00 1.730937416794119943e-01
5.042248916723991670e+00 1.733619327437876667e-01
5.048534518437475249e+00 1.693096142082492761e-01
5.054817055058077102e+00 1.720077491147856130e-01
5.061103124450734292e+00 1.659695845793681401e-01
5.067385418511126005e+00 1.691741993040803138e-01
5.073665350133166108e+00 1.674000428760691328e-01
5.079944158568527435e+00 1.641215508265675138e-01
5.086229157971559722e+00 1.654923398310129967e-01
5.092516081670024342e+00 1.638084562355783813e-01
5.098799062815714933e+00 1.665601225639977145e-01
5.105081564999609967e+00 1.635570243681463143e-01
5.111362075909486435e+00 1.633573737005973303e-01
5.117646708276604173e+00 1.656542345997388810e-01
5.123931579419740423e+00 1.627352202568895789e-01
5.130214175713612157e+00 1.651767764794644100e-01
5.136495802354272833e+00 1.654016323049637416e-01
5.142780182582010973e+00 1.674692147322880686e-01
5.149064547742418618e+00 1.665722921743053586e-01
5.155344632471284605e+00 1.651760797165255923e-01
5.161628512901673460e+00 1.718925763418862052e-01
5.167914708882204167e+00 1.700156273684963748e-01
5.174198770587969065e+00 1.709871594826080088e-01
5.180481984271699147e+00 1.713961208767246780e-01
5.186765863297754464e+00 1.769259806827555848e-01
5.193047702705746893e+00 1.782535379738957315e-01
5.199327701301567295e+00 1.771457065227882710e-01
5.205610051315074038e+00 1.812514774352187996e-01
5.211893783792568513e+00 1.860271825907773569e-01
5.218178654991308285e+00 1.879550186204515805e-01
5.224460565579556182e+00 1.874533482480711943e-01
5.230741351715697540e+00 1.946085759854495056e-01
5.237027120177700112e+00 2.010802200315109090e-01
5.243314739467697549e+00 2.003448498171208902e-01
5.249595278023606149e+00 2.015548496136314038e-01
5.255875849079584938e+00 2.149988225739397352e-01
5.262158673469957471e+00 2.167516937663991061e-01
5.268439395112831214e+00 2.187203984424813397e-01
5.274722108206590931e+00 2.216811809073996886e-01
5.281007345641278938e+00 2.384611479119652377e-01
5.287293380248259567e+00 2.409495188122126319e-01
5.293576735145029133e+00 2.415342355675171304e-01
5.299860851423467523e+00 2.518176687221861942e-01
5.306144493245258609e+00 2.697821305825038873e-01
5.312427159026070100e+00 2.720558198428871810e-01
5.318710177455853838e+00 2.682020721473526992e-01
5.324993165098304893e+00 2.971954916463196983e-01
5.331278074387978627e+00 3.105645612351715656e-01
5.337561778582737837e+00 3.127920212803510513e-01
5.343844392417137712e+00 3.095519678494372817e-01
5.350127046241198059e+00 3.553322941534325929e-01
5.356410632573585850e+00 3.666490486026553475e-01
5.362696075374680404e+00 3.664579309034484700e-01
5.368977622023428431e+00 3.728903237857243980e-01
5.375259264787404234e+00 4.293004096223216881e-01
5.381542175673222239e+00 4.441350105233350387e-01
5.387824976115930475e+00 4.290083150223786279e-01
5.394108529100064331e+00 4.766305596334419192e-01
5.400390002504265929e+00 5.403403873159716708e-01
5.406673750202084960e+00 5.480649645968650452e-01
5.412955699794467890e+00 5.088656146031480532e-01
5.419237955148318520e+00 6.379660580548873750e-01
5.425523090525197212e+00 6.980735948613829844e-01
5.431805715860540396e+00 7.085955529764099703e-01
5.438090831113179924e+00 6.304500490560920323e-01
5.444374481405862554e+00 8.821914904317169626e-01
5.450656385985535479e+00 9.457503928412540617e-01
5.456941012042004324e+00 9.628438179929806884e-01
5.463223574256159232e+00 8.946186854095425911e-01
5.469506233746614043e+00 1.289047168041754343e+00
5.475791313392783799e+00 1.399534212616368345e+00
5.482076520806099751e+00 1.336391877379837112e+00
5.488361758921633360e+00 1.396168302990924426e+00
5.494642978338553085e+00 2.026374671149867801e+00
5.500922328851260090e+00 2.298275451708452710e+00
5.507204020884158169e+00 1.644735170521157697e+00
5.513487086383534574e+00 2.745638806108904539e+00
5.519772673170036725e+00 3.391326205005912975e+00
5.526055063335959083e+00 3.649133341949015286e+00
5.532333106276354329e+00 2.557851330581528693e+00
5.538615491667449930e+00 4.913152725150452760e+00
5.544903720115636148e+00 6.143229054966835356e+00
5.551187288815954801e+00 7.459518965179213090e+00
5.557470531467981090e+00 4.573461633767268886e+00
5.563755611658447897e+00 8.742968285685686070e+00
5.570037554875349350e+00 1.284341858110824205e+03
5.576319117887759802e+00 6.798791620429887494e+00
5.582602002155147680e+00 4.718157246567692198e+00
5.588888631490213754e+00 7.686319325542211978e+00
5.595175275496153233e+00 6.230036226351184148e+00
5.601458712915984961e+00 2.896375982889261458e+00
5.607739290868620330e+00 4.827168376912215564e+00
5.614020862542647983e+00 4.038453772695681288e+00
5.620301751604071860e+00 3.398260603682675907e+00
5.626585003660349749e+00 1.890816584546461510e+00
5.632870193703824135e+00 2.932524226371180820e+00
5.639149634200363970e+00 2.495994297092747782e+00
5.645432108629827361e+00 1.937795118145758444e+00
5.651717488754057328e+00 1.438869572845108191e+00
5.658002094958268557e+00 1.797945758591408705e+00
5.664286976960462461e+00 1.520562914607249905e+00
5.670566925585673879e+00 1.093017497992397891e+00
5.676852042208761162e+00 1.182709650787574063e+00
5.683137388589912575e+00 1.171238797284794630e+00
5.689418158699685257e+00 1.003443010665068025e+00
5.695702068056029077e+00 7.639930708970120721e-01
5.701985967982890813e+00 9.526301949443948258e-01
5.708271056387263620e+00 8.472264890073695209e-01
5.714552979709825564e+00 7.304605482359420865e-01
5.720831601415190093e+00 6.418219238995456211e-01
5.727115355927898221e+00 7.177917146085520672e-01
5.733398957275753105e+00 6.476152666242149802e-01
5.739684091351107575e+00 5.511770773008176638e-01
5.745967659604392708e+00 5.520422678956447005e-01
5.752250391047120992e+00 5.529998458233196246e-01
5.758534671789668380e+00 5.074754721368291976e-01
5.764815058099513223e+00 4.415773833774747636e-01
5.771097431484660589e+00 4.837268836038112751e-01
5.777380386878713026e+00 4.544550761569901010e-01
5.783664936364128373e+00 4.187349642427046770e-01
5.789947151929451863e+00 3.846786973738240412e-01
5.796231493774793186e+00 4.074216602426163347e-01
5.802516691340624533e+00 3.819465616859251678e-01
5.808797995112186641e+00 3.524966013787441121e-01
5.815082184083208539e+00 3.442816333291058850e-01
5.821365271507954020e+00 3.493257554461425829e-01
5.827645525290467532e+00 3.268937788692150570e-01
5.833928171908906890e+00 3.039690822967911488e-01
5.840215967589452717e+00 3.109671567937389858e-01
5.846501812893647454e+00 3.043118575796183167e-01
5.852781909673957728e+00 2.878044664100342653e-01
5.859063783293738226e+00 2.706514692598878113e-01
5.865349571500913406e+00 2.819954137862097920e-01
5.871632939480924129e+00 2.693630129355403802e-01
5.877914823986006176e+00 2.567866132634704091e-01
5.884196626054889023e+00 2.513358751589700457e-01
5.890479074317132913e+00 2.557236262745078981e-01
5.896763574100915228e+00 2.434152354296205967e-01
5.903046036848450306e+00 2.337858609374135199e-01
5.909328377713869429e+00 2.336059192694674158e-01
5.915613028288355224e+00 2.329828528592054748e-01
5.921894409622731281e+00 2.241156840794703842e-01
5.928177134794152536e+00 2.179071526619862920e-01
5.934464774883918992e+00 2.205441267913126335e-01
5.940751250578068188e+00 2.162292053022198124e-01
5.947033452245725549e+00 2.102922433981117278e-01
5.953312775740306151e+00 2.039946910045863926e-01
5.959594106507988265e+00 2.074999933633075999e-01
5.965876424548630652e+00 2.034668443750290157e-01
5.972161112468720390e+00 1.989243806696052996e-01
5.978446099492319199e+00 1.964018295041868867e-01
5.984727467931779010e+00 1.978807938707342617e-01
5.991012985181142447e+00 1.930335875527195710e-01
5.997297612744741713e+00 1.903888364888454976e-01
6.003577416164464609e+00 1.905149109021483100e-01
6.009860806138807909e+00 1.898125931829234281e-01
6.016144510375737831e+00 1.883833806101389841e-01
6.022426254013592661e+00 1.856423173039438712e-01
6.028706803290871719e+00 1.875009076468468761e-01
6.034987951204773715e+00 1.858971409600066738e-01
6.041274067685003857e+00 1.834187796141636129e-01
6.047558134944117647e+00 1.833782949773972160e-01
6.053840825089524813e+00 1.852322776935446114e-01
6.060125328398456190e+00 1.847396616531702118e-01
6.066409969294784155e+00 1.834866711563369335e-01
6.072694327029352301e+00 1.836242495290787147e-01
6.078974651295977694e+00 1.854790666288852474e-01
6.085257277597498238e+00 1.850577643158268781e-01
6.091541245232643398e+00 1.857443756576351579e-01
6.097826243439735450e+00 1.875387513379919990e-01
6.104111770776667889e+00 1.885983234842572853e-01
6.110396747466277034e+00 1.891765906971307198e-01
6.116679071538609236e+00 1.887442572097782767e-01
6.122958529493147672e+00 1.932813036302440390e-01
6.129240445810509641e+00 1.932950917712199235e-01
6.135524780557309654e+00 1.956298607874965845e-01
6.141807474577858805e+00 1.970479422980484230e-01
6.148089386189230510e+00 2.013689484634979543e-01
6.154375713159891070e+00 2.041631355387903135e-01
6.160661139581105950e+00 2.079188396179414144e-01
6.166941022971138331e+00 2.085218382716088337e-01
6.173222562097184785e+00 2.130918927313119604e-01
6.179507647741183440e+00 2.181894440008051161e-01
6.185789356936125749e+00 2.209067770546393472e-01
6.192072249861043431e+00 2.245528370162163945e-01
6.198356783359496802e+00 2.306352767290051342e-01
6.204641274559973496e+00 2.371186049508164084e-01
6.210924271106035732e+00 2.415743481686633831e-01
6.217206768102415460e+00 2.475923754676125355e-01
6.223486202302879633e+00 2.527790605259135903e-01
6.229767722260432627e+00 2.625219046780886134e-01
6.236054214854060085e+00 2.669268212666138229e-01
6.242340046436461343e+00 2.745531855417882028e-01
6.248623268972994360e+00 2.862890144462362230e-01
6.254906079998900026e+00 2.914818384798046336e-01
6.261190798611801611e+00 3.048552038339693016e-01
6.267470893840453527e+00 3.190269322535232432e-01
6.273752395561465356e+00 3.320881638423084370e-01
6.280038415116336203e+00 3.492464287573529003e-01
6.286322359143823313e+00 3.593083175414055752e-01
6.292605930180390494e+00 3.723967987101950428e-01
6.298890629102372074e+00 3.853195807797592520e-01
6.305171573266470375e+00 4.129189665978335033e-01
6.311455101240412091e+00 4.238055937888954849e-01
6.317739752668598996e+00 4.578665379835007987e-01
6.324019791664828638e+00 4.741627020679743398e-01
6.330300090404453961e+00 5.101760532731511866e-01
6.336582976227302488e+00 5.396060865163995190e-01
6.342866512790590328e+00 5.571311402048886308e-01
6.349149664171966911e+00 5.917335564933359215e-01
6.355436214245748339e+00 6.520537609186418671e-01
6.361722100221464338e+00 6.688330295742492826e-01
6.368004157429771439e+00 7.449363448800760956e-01
6.374285543992137093e+00 7.650040963252783266e-01
6.380569360201161722e+00 8.011911571337690940e-01
6.386853196179592906e+00 8.485201904707012632e-01
6.393134053012607509e+00 9.695655863566455812e-01
6.399418824019404539e+00 9.923654324274215899e-01
6.405704396360532904e+00 1.006948172634500649e+00
6.411984928491945013e+00 1.024484063455769256e+00
6.418265745466296579e+00 1.173377838329345835e+00
6.424549958658937854e+00 1.116319375998653163e+00
6.430834939158401653e+00 1.103483360373214150e+00
