8.899641653093008295e-03 3.399741833026592719e+00
1.539332528288165670e-02 4.027517106797960267e+00
2.155046762996598239e-02 3.863122237356085176e+00
2.783660762585126597e-02 3.371710361578525994e+00
3.439928854529101382e-02 2.862991333007812500e+00
4.083988908678293228e-02 2.429168701171875000e+00
4.696089820801348236e-02 2.122186013926630643e+00
5.319831544433587661e-02 1.925849778311593097e+00
5.953007160048735813e-02 1.785683293928179927e+00
6.593106050382960270e-02 1.655576479184877714e+00
7.211112823241795644e-02 1.528748028094951916e+00
7.840743265709380905e-02 1.370011425205672762e+00
8.486374147573563786e-02 1.204777692343616646e+00
9.105720993371453631e-02 1.061814580536495578e+00
9.723119438183111529e-02 9.391676805840163400e-01
1.035474523099094157e-01 8.447954393548327001e-01
1.098380096325790867e-01 7.823810047027870418e-01
1.160878800454857029e-01 7.386554873203937666e-01
1.223769048302436324e-01 7.059618023973492917e-01
1.287591547856025143e-01 6.689935255244997547e-01
1.350589943281513827e-01 6.290925903963012766e-01
1.412290290659165837e-01 5.810261278003311380e-01
1.475161690700088069e-01 5.302541010060540794e-01
1.537996369822966225e-01 4.810357127372936192e-01
1.601026478659483554e-01 4.402249742163255042e-01
1.664508001660549019e-01 4.101381779043865583e-01
1.727583237560037233e-01 3.869909695694817020e-01
1.790245845132147351e-01 3.711146861916111428e-01
1.852702546080971790e-01 3.568669859143810408e-01
1.914887492119529966e-01 3.429362409749779905e-01
1.977904085892937536e-01 3.262214529144468744e-01
2.041115446406587541e-01 3.070107079507512493e-01
2.104256850836569714e-01 2.866014597039473477e-01
2.167058561960866769e-01 2.675406688010221745e-01
2.229761248051159717e-01 2.508349769185077016e-01
2.292828550697881274e-01 2.363487128910912449e-01
2.355310205895554676e-01 2.255565333963599484e-01
2.418144967727207939e-01 2.165675548710291054e-01
2.481043196360692704e-01 2.093353349486568316e-01
2.543667409246888611e-01 2.019281962549409615e-01
2.606678092543103231e-01 1.938335307471231450e-01
2.669430136113040697e-01 1.845628820386891467e-01
2.732519464783976226e-01 1.755679381762498825e-01
2.795627339315375770e-01 1.669964239999495725e-01
2.858373502475139438e-01 1.585985360414426393e-01
2.920953075698756729e-01 1.514428625541880402e-01
2.983525092968341563e-01 1.450276360731115599e-01
3.046702740008471189e-01 1.398196186370253558e-01
3.109590627528140416e-01 1.348665275556342191e-01
3.172239916515500191e-01 1.305005151098901084e-01
3.235299724572279767e-01 1.260342190598913448e-01
3.298388395071043533e-01 1.214241561947175391e-01
3.361383844359337458e-01 1.165328407361325841e-01
3.423877713306480719e-01 1.120636833577163816e-01
3.486623155692267217e-01 1.076191001224078292e-01
3.549448882949312045e-01 1.034199765942724752e-01
3.611996781549324798e-01 9.978632973056697497e-02
3.674875026172954029e-01 9.634063590889124784e-02
3.737698636248200090e-01 9.331542725725081033e-02
3.800714314497639634e-01 9.035977522018423524e-02
3.863585763589229560e-01 8.763762268381419807e-02
3.926354401118986037e-01 8.474245243167326247e-02
3.989457585494922132e-01 8.199080636760423813e-02
4.052156663313305485e-01 7.918981238406593015e-02
4.115034152883392804e-01 7.656261770970304581e-02
4.177905076349040514e-01 7.397892004414124978e-02
4.240487051047501788e-01 7.161159003831418790e-02
4.303463415118498614e-01 6.932461381527199595e-02
4.366358695421740932e-01 6.738668397520915232e-02
4.429029287921816826e-01 6.536047916524467816e-02
4.491680252572889942e-01 6.355507713641583845e-02
4.554486850820457788e-01 6.169478766641367518e-02
4.617725565885423267e-01 5.986514054512547672e-02
4.680757412093953795e-01 5.812220564741240464e-02
4.743564916629640638e-01 5.644386940431177918e-02
4.806425428564732871e-01 5.477846330867538333e-02
4.869129233098823395e-01 5.320100378348362885e-02
4.931745196394184405e-01 5.175006577278488951e-02
4.994506890543656263e-01 5.035502113320548118e-02
5.057241638978529075e-01 4.896175999486457320e-02
5.120042719980517631e-01 4.765473778480851241e-02
5.183192340646139984e-01 4.638136086406184633e-02
5.246161892892522438e-01 4.523085037996322361e-02
5.308869673046785476e-01 4.396143365322716101e-02
5.371637224096752483e-01 4.280925047198121808e-02
5.434652729571635144e-01 4.173724885663031292e-02
5.497524178004593587e-01 4.065508355879528940e-02
5.559970921381958142e-01 3.956272610771060377e-02
5.622866379023159222e-01 3.858201215316937882e-02
5.686033203527380842e-01 3.756434600430107879e-02
5.748823709563090079e-01 3.662022110445817269e-02
5.811585199734176088e-01 3.574519403063249751e-02
5.874446517276211699e-01 3.487437580137694310e-02
5.937246335834056588e-01 3.401760020513790173e-02
6.000023445208265693e-01 3.317795116553789309e-02
6.062700655927123483e-01 3.235777895239559665e-02
6.125564878198721530e-01 3.162299025350322895e-02
6.188675697062213654e-01 3.087291863758109128e-02
6.251436203714340056e-01 3.011422125912684850e-02
6.314092032308914471e-01 2.940865858586755657e-02
6.377070744462735030e-01 2.871807279795148340e-02
6.439915699782213787e-01 2.805517019168826676e-02
6.502746657481665027e-01 2.736759585621879529e-02
6.565654463687421449e-01 2.678922992861543229e-02
6.628457378217490481e-01 2.614573416157119426e-02
6.691273712706959920e-01 2.552597188343549636e-02
6.754135024521100705e-01 2.495416280015286259e-02
6.816942288653291548e-01 2.439136325531180219e-02
6.879707219643064198e-01 2.385415096180854011e-02
6.942401964891569133e-01 2.330060963930102869e-02
7.005213539313046578e-01 2.278746492291229900e-02
7.068163049835881617e-01 2.227205608588806590e-02
7.131046379544038194e-01 2.178056470270516021e-02
7.193979933183044517e-01 2.130265499774518234e-02
7.256912769458278012e-01 2.083984986516355595e-02
7.319732112087881104e-01 2.040628941309321348e-02
7.382575498732680819e-01 1.990673822498991927e-02
7.445309219837563663e-01 1.948771032422661961e-02
7.507908721544984676e-01 1.905580168147748277e-02
7.570762748651901353e-01 1.867691018486392768e-02
7.633652442780797243e-01 1.824486756089370790e-02
7.696523768503739094e-01 1.784959062186514817e-02
7.759443911184177312e-01 1.747614676954245896e-02
7.822388793759307291e-01 1.709288968157562927e-02
7.885422505712965657e-01 1.674377151203810393e-02
7.947958170677573708e-01 1.637683090449711804e-02
8.010501857211035359e-01 1.603619981767124072e-02
8.073371699120777123e-01 1.568521959291154302e-02
8.136256953004623593e-01 1.535799239338360260e-02
8.199185768310989220e-01 1.503130020550897880e-02
8.261975950269245805e-01 1.471436214005672309e-02
8.324916626456120294e-01 1.440920627132358418e-02
8.387980487119468531e-01 1.407991578100569775e-02
8.450681625339854230e-01 1.381352115498861617e-02
8.513326310877129544e-01 1.350383792402692906e-02
8.576229699198910650e-01 1.323365290957643874e-02
8.639079722665760075e-01 1.294647236626695133e-02
8.701845317394016899e-01 1.268748536560601430e-02
8.764647451447489246e-01 1.241119169734991243e-02
8.827524554796379874e-01 1.216003867445049347e-02
8.890360933084631156e-01 1.191669189233246842e-02
8.953122302139767674e-01 1.167458362093697251e-02
9.015989135410911182e-01 1.140843238657157643e-02
9.078856597069530077e-01 1.118595377728633621e-02
9.141777176955673267e-01 1.095000267805132203e-02
9.204705311210197305e-01 1.071234370988610914e-02
9.267502199878263625e-01 1.049457759550823967e-02
9.330346272813238029e-01 1.027742148824816078e-02
9.393297286529698198e-01 1.007384939995078534e-02
9.456020466528652912e-01 9.862814733752996860e-03
9.518687891863797379e-01 9.646044847754020948e-03
9.581418737840891042e-01 9.462446446291229024e-03
9.644369887048810375e-01 9.268665176289839214e-03
9.707375181351720617e-01 9.054291179707399037e-03
9.770097663529486720e-01 8.881087270663912472e-03
9.832835755838400527e-01 8.695431730098505951e-03
9.895569992810110405e-01 8.511460543885554855e-03
9.958480710782616763e-01 8.329595339347893937e-03
1.002138575493429995e+00 8.163881000649178196e-03
1.008406592376542843e+00 7.994561236681307220e-03
1.014697842972237973e+00 7.830918057812490118e-03
1.020995892874764666e+00 7.659759911170599400e-03
1.027276368069287793e+00 7.501206762590048246e-03
1.033563189136701643e+00 7.351986819254992429e-03
1.039851148620366539e+00 7.199121730861819148e-03
1.046127943161246687e+00 7.046921524134237141e-03
1.052404895272092133e+00 6.894243007987838241e-03
1.058683000430492127e+00 6.751231090771336527e-03
1.064967127327474117e+00 6.605387023294276121e-03
1.071258688161570438e+00 6.470477848819922856e-03
1.077544330604543799e+00 6.341352053310055775e-03
1.083828423436568711e+00 6.202252038107057552e-03
1.090113342297217791e+00 6.066686526589868886e-03
1.096393171946581147e+00 5.938647041599103525e-03
1.102683425690332397e+00 5.815217847061312714e-03
1.108964675464843452e+00 5.690903611068065700e-03
1.115226705913353378e+00 5.574667616682169903e-03
1.121503167812783808e+00 5.455948968203068461e-03
1.127793382225193985e+00 5.339257399729730250e-03
1.134092036465484288e+00 5.223093379654638289e-03
1.140366923395659482e+00 5.118778855685976112e-03
1.146641931784804447e+00 5.002106541899699679e-03
1.152944617322677390e+00 4.896497327049993513e-03
1.159230356871362666e+00 4.791649635436445037e-03
1.165510994903905084e+00 4.687354275534399463e-03
1.171794297100004156e+00 4.588085475983146554e-03
1.178088255559602393e+00 4.485747569695297012e-03
1.184371772446566995e+00 4.391383275813135791e-03
1.190639487122887363e+00 4.294415975276426670e-03
1.196916336380001056e+00 4.200025700280613471e-03
1.203204375371396573e+00 4.109668295812014989e-03
1.209488225901738323e+00 4.025580416805204023e-03
1.215765679709200020e+00 3.930900359993230730e-03
1.222058041744503942e+00 3.850872516962968069e-03
1.228350115998196657e+00 3.760233632684991181e-03
1.234637679107109420e+00 3.680187358880784593e-03
1.240908145406735441e+00 3.597565536004543318e-03
1.247180835746598104e+00 3.525484214733734436e-03
1.253468531500335770e+00 3.437198315910152020e-03
1.259751636995439350e+00 3.364802765712444910e-03
1.266035077425267108e+00 3.288421097429269652e-03
1.272321570618527797e+00 3.214559190501291904e-03
1.278608208280544778e+00 3.149606466071315329e-03
1.284887298154571367e+00 3.068077005036662711e-03
1.291176964274221017e+00 3.007546403884766174e-03
1.297469848393144831e+00 2.937594540945307614e-03
1.303745183221867832e+00 2.870120869990396874e-03
1.310019952103037566e+00 2.804163984173096893e-03
1.316304889985511428e+00 2.743294966839547513e-03
1.322589692250816240e+00 2.682583323860266399e-03
1.328868076233011619e+00 2.620335156567220238e-03
1.335146302472670188e+00 2.557143040240547009e-03
1.341442338921303268e+00 2.501205026766262652e-03
1.347732504022160827e+00 2.441595829119070672e-03
1.354002360904259961e+00 2.385615306363584459e-03
1.360285090555885645e+00 2.331017266509180074e-03
1.366569991348876023e+00 2.279207310602487848e-03
1.372854357884312648e+00 2.225167480332298792e-03
1.379136732473180915e+00 2.171340521503678251e-03
1.385410660878153122e+00 2.125701501627030952e-03
1.391699780091347760e+00 2.072975618739882585e-03
1.397986514487977949e+00 2.023985987993829391e-03
1.404269431125305445e+00 1.978735105465681023e-03
1.410558481592738334e+00 1.931393550971753029e-03
1.416841921169897933e+00 1.885607970923807797e-03
1.423120638450376285e+00 1.841563601655555075e-03
1.429399525711986918e+00 1.799271726968890324e-03
1.435687195920436032e+00 1.754556221498466051e-03
1.441978909597384506e+00 1.713132361410890604e-03
1.448256353182435952e+00 1.671429588779526536e-03
1.454533979889224504e+00 1.632605921030199888e-03
1.460823291195719742e+00 1.595492350068866043e-03
1.467115297699349785e+00 1.556107407928173161e-03
1.473396431849603117e+00 1.517123842307279476e-03
1.479672187129404293e+00 1.479223723040880636e-03
1.485957336950811003e+00 1.447816355317910501e-03
1.492235428844137068e+00 1.410993028437170947e-03
1.498505563158792242e+00 1.376288405486396013e-03
1.504788033368229971e+00 1.344911921537627524e-03
1.511077562324459223e+00 1.311636923577316110e-03
1.517363063341846008e+00 1.277708531774909926e-03
1.523653270341324806e+00 1.249617136917017179e-03
1.529942912799504340e+00 1.218541116963549158e-03
1.536231829420274808e+00 1.188726115315563714e-03
1.542513327069792606e+00 1.158621091766035612e-03
1.548785556440221534e+00 1.130944958044380203e-03
1.555073465503286512e+00 1.105611359331571709e-03
1.561358245907146003e+00 1.075489630126037289e-03
1.567631451431686029e+00 1.051320901764475927e-03
1.573918013544226335e+00 1.023964465111705698e-03
1.580207648268701970e+00 9.998338388043990881e-04
1.586489494063065386e+00 9.743802758645427487e-04
1.592763080732128689e+00 9.518307855099036223e-04
1.599049662621118140e+00 9.286917233095383925e-04
1.605345053337696948e+00 9.050701169097324439e-04
1.611620459129566862e+00 8.828502550586041393e-04
1.617898365736541777e+00 8.620693995449652848e-04
1.624184845436249969e+00 8.401859354301851549e-04
1.630466505740439054e+00 8.203390832109453031e-04
1.636751035144561328e+00 8.005952648854297539e-04
1.643032775792161226e+00 7.801084994944492259e-04
1.649311205731157637e+00 7.621252273335357838e-04
1.655595559618384449e+00 7.440160536470671621e-04
1.661881635856505390e+00 7.248492342517195422e-04
1.668171353955333336e+00 7.096542772576411003e-04
1.674453350850270361e+00 6.905546953209137093e-04
1.680725924646356395e+00 6.744286699507525632e-04
1.687014542692673036e+00 6.592486347951714799e-04
1.693310190593907416e+00 6.436298487469378033e-04
1.699585582287156615e+00 6.290205891384882024e-04
1.705866511081394421e+00 6.133121059803431797e-04
1.712160676675390514e+00 5.997388666024449115e-04
1.718444821026641867e+00 5.875534360402473021e-04
1.724722780324677629e+00 5.733347358680588668e-04
1.730998407906060743e+00 5.607255913999302033e-04
1.737287228726877686e+00 5.483439962480520088e-04
1.743568303176275425e+00 5.364449950886735321e-04
1.749841689593745420e+00 5.258507261866336279e-04
1.756129388522271517e+00 5.135806221125209211e-04
1.762415116633644363e+00 5.046998018569528533e-04
1.768698244482999726e+00 4.938320001780022910e-04
1.774980086402522028e+00 4.841316919745729144e-04
1.781265981096536777e+00 4.757720629597049521e-04
1.787550624457374449e+00 4.668923016022787434e-04
1.793835833491845833e+00 4.578790571443661821e-04
1.800117311233924822e+00 4.512411613682025036e-04
1.806395490080128896e+00 4.441769454908307672e-04
1.812674669631440416e+00 4.383562004220210905e-04
1.818957879507353992e+00 4.309884364164295119e-04
1.825245306758315422e+00 4.254797592755337594e-04
1.831528271693480647e+00 4.214853448968315609e-04
1.837812827050599118e+00 4.168257390462196295e-04
1.844103367940866489e+00 4.125603933913946217e-04
1.850386948924649388e+00 4.090428422293745448e-04
1.856666935595761014e+00 4.062340540893539815e-04
1.862948995952047992e+00 4.035050501165599567e-04
1.869230662203537285e+00 4.014652463200450282e-04
1.875518523852231834e+00 4.006874907884457396e-04
1.881801828956604083e+00 3.996804494572003211e-04
1.888079605905484737e+00 3.997713205278160317e-04
1.894354917179238207e+00 4.003441300052054002e-04
1.900643508338552223e+00 4.013664230013441357e-04
1.906933681097740418e+00 4.035497661151709855e-04
1.913208537729330194e+00 4.050775950579598816e-04
1.919491876081842907e+00 4.100661322181572131e-04
1.925778583551117418e+00 4.136813479745050036e-04
1.932066442879381896e+00 4.172508526721381149e-04
1.938345779800252577e+00 4.238056668313265650e-04
1.944621163117130624e+00 4.286119737630784922e-04
1.950906419736068598e+00 4.348508489128363199e-04
1.957194922928259695e+00 4.425087049980015860e-04
1.963480698366232735e+00 4.511991822734135404e-04
1.969761129083444473e+00 4.625135352761008500e-04
1.976050304691988391e+00 4.689989791658308663e-04
1.982339908457910083e+00 4.809028620678603588e-04
1.988618349245825812e+00 4.932160079333719385e-04
1.994897766502643721e+00 5.052354065350462241e-04
2.001180771161680028e+00 5.184531197630165523e-04
2.007460336186321026e+00 5.332671035015727930e-04
2.013738753216055777e+00 5.499166278301740370e-04
2.020018986124832772e+00 5.673963343924190959e-04
2.026310836118350167e+00 5.847869510485781148e-04
2.032601207862052561e+00 6.055411422564163041e-04
2.038875504895327317e+00 6.251240949900448152e-04
2.045155551699306962e+00 6.430205422722775439e-04
2.051445731990026999e+00 6.666019119165751943e-04
2.057731375213294633e+00 6.898541035481239045e-04
2.064016423384301913e+00 7.187530977113376456e-04
2.070302827783211619e+00 7.366472207977736155e-04
2.076590615358942848e+00 7.708491850733216770e-04
2.082865814675600280e+00 7.966324755007390696e-04
2.089135078390696343e+00 8.264147323919898615e-04
2.095424699602885799e+00 8.593094947204311202e-04
2.101708259047597949e+00 8.940406903070973171e-04
2.107987807301212158e+00 9.235764291424064607e-04
2.114274337075186416e+00 9.618795414105929097e-04
2.120555211422834319e+00 1.004970072782834876e-03
2.126838540980260372e+00 1.033867826502489441e-03
2.133123767198004117e+00 1.084275985952617288e-03
2.139413031894335848e+00 1.122836530129977996e-03
2.145698041890389263e+00 1.171271882448581643e-03
2.151974340624452253e+00 1.224716825545830957e-03
2.158260630891077003e+00 1.260323804362765889e-03
2.164546658731809625e+00 1.322907460633027501e-03
2.170832823837292480e+00 1.368903951255993120e-03
2.177115967197242430e+00 1.433064547700975671e-03
2.183389032615354441e+00 1.485134986507955770e-03
2.189670975244353279e+00 1.542135031423413167e-03
2.195960831894089527e+00 1.610891708388742993e-03
2.202245817416866203e+00 1.669403358558941078e-03
2.208524601220368755e+00 1.740598601361503881e-03
2.214805589383115780e+00 1.805850242468937192e-03
2.221093631642824917e+00 1.884746960441208846e-03
2.227374275520719316e+00 1.960524243333143079e-03
2.233658333286540287e+00 2.029530640050139934e-03
2.239946072329966231e+00 2.116370750612268752e-03
2.246226850917138140e+00 2.187257517184904888e-03
2.252506781988718565e+00 2.284955519893445541e-03
2.258783643789477491e+00 2.370602373972370298e-03
2.265069381259946724e+00 2.451901774547815896e-03
2.271351266578538919e+00 2.553294289031840351e-03
2.277635010148555850e+00 2.654448314241002367e-03
2.283922963308533394e+00 2.773886367661783110e-03
2.290204538958168001e+00 2.859864640869284012e-03
2.296492854789115245e+00 2.970370787310562186e-03
2.302773836462560286e+00 3.088698447753200366e-03
2.309052848528886148e+00 3.207430648987590928e-03
2.315340397783157922e+00 3.326047483371068376e-03
2.321629550362612981e+00 3.441096056905287165e-03
2.327914834812394584e+00 3.582683660549358835e-03
2.334189028016975698e+00 3.706320709248826263e-03
2.340468735514670495e+00 3.861658059037899153e-03
2.346757573269963704e+00 3.984557114358367076e-03
2.353046701279460251e+00 4.138540605410299597e-03
2.359329919851476554e+00 4.297947548563807105e-03
2.365603805485394950e+00 4.474254805020149925e-03
2.371887442159951398e+00 4.596861408315936447e-03
2.378175480496420580e+00 4.778292544912569884e-03
2.384455602231496218e+00 4.937421821083505871e-03
2.390737631861327372e+00 5.115561622388450913e-03
2.397015688929587718e+00 5.312308864931297551e-03
2.403297559533717376e+00 5.504942981668499609e-03
2.409586419743307228e+00 5.702603577851830287e-03
2.415875314660682172e+00 5.885027083104796622e-03
2.422164535679191655e+00 6.072864303251895683e-03
2.428442137972055104e+00 6.328275695329662297e-03
2.434719213815070837e+00 6.517910151329009243e-03
2.441002915255427563e+00 6.734155978142656630e-03
2.447292244015294216e+00 7.001898538767929031e-03
2.453574548397714494e+00 7.274055714793483708e-03
2.459853950840888093e+00 7.480845688575960863e-03
2.466141393364139400e+00 7.718826868075820240e-03
2.472424340910468477e+00 7.991833168039759461e-03
2.478699559716526224e+00 8.266422849409161763e-03
2.484981956405843295e+00 8.586993286803203812e-03
2.491271774374293368e+00 8.792780803771934467e-03
2.497550925125272325e+00 9.159405678101154025e-03
2.503833126215876170e+00 9.437332299945446618e-03
2.510118697329297710e+00 9.767845292394279622e-03
2.516402124721602629e+00 1.012531363470886396e-02
2.522689938852853420e+00 1.044535453782502107e-02
2.528973288009538134e+00 1.080973963116601752e-02
2.535253600549877362e+00 1.117155644738589658e-02
2.541538941914911476e+00 1.154446459316258757e-02
2.547825021627405206e+00 1.188780375586105491e-02
2.554103008122937002e+00 1.238320958800420528e-02
2.560378237915397648e+00 1.266165039394898280e-02
2.566669017775174755e+00 1.312428668064785468e-02
2.572956571054420216e+00 1.354478991763127457e-02
2.579236104287966125e+00 1.404769799823315894e-02
2.585522655546601989e+00 1.448987339049598137e-02
2.591808172184224546e+00 1.501600097315860215e-02
2.598087543498381002e+00 1.538811964172940097e-02
2.604361437550918978e+00 1.601335969686378327e-02
2.610647591905687293e+00 1.645427856774738656e-02
2.616933270352379548e+00 1.692783947442413200e-02
2.623207934884185466e+00 1.772933423961492450e-02
2.629492944384940412e+00 1.815073446309430766e-02
2.635779602277390499e+00 1.885810558537343029e-02
2.642061794567720945e+00 1.941717591145423333e-02
2.648344685049869529e+00 2.015037184867078668e-02
2.654633852395646088e+00 2.076949754857234168e-02
2.660920832685793602e+00 2.160422386665802885e-02
2.667200003651473139e+00 2.235078670286952049e-02
2.673485665061926309e+00 2.298628845266763657e-02
2.679774189917022653e+00 2.374408934779734942e-02
2.686059197445316293e+00 2.441452818693568352e-02
2.692340742040600254e+00 2.538859340705219847e-02
2.698619785325931719e+00 2.617767524775064386e-02
2.704896067289608741e+00 2.711670766387850456e-02
2.711176296267862273e+00 2.799653578118949451e-02
2.717460477624493720e+00 2.889429984532842360e-02
2.723746785600710485e+00 2.999507730347080944e-02
2.730040839622854598e+00 3.084694169035029007e-02
2.736320462271965681e+00 3.192594082649442833e-02
2.742593167856604897e+00 3.328362715458356436e-02
2.748880654965284887e+00 3.437227053790208042e-02
2.755164406907204988e+00 3.582502575547315271e-02
2.761447966179410241e+00 3.692512253328988914e-02
2.767734949986044413e+00 3.814626323909479227e-02
2.774018204230510154e+00 3.922939812527459491e-02
2.780299459131881701e+00 4.081852658696438763e-02
2.786578380850841974e+00 4.263394556306793204e-02
2.792858749059577761e+00 4.377094323236222634e-02
2.799144688897090116e+00 4.560474178699255865e-02
2.805431744286055018e+00 4.733720226205932746e-02
2.811716466586489993e+00 4.886578383694310801e-02
2.817990514261363710e+00 5.109917989345440920e-02
2.824271178017407902e+00 5.224797184325792598e-02
2.830565310473360352e+00 5.436493508796821916e-02
2.836850361681537702e+00 5.678077928073901881e-02
2.843131259198828698e+00 5.939126032614526485e-02
2.849415373186487965e+00 6.190673372995820350e-02
2.855698064670956882e+00 6.354238616112875548e-02
2.861978975302818640e+00 6.632642256229483169e-02
2.868263635614905827e+00 6.852576953712700980e-02
2.874548572895146759e+00 7.200124508673419466e-02
2.880833509046437424e+00 7.521298875940439499e-02
2.887115914775806313e+00 7.750873330542268347e-02
2.893396211301912935e+00 8.155847744815775124e-02
2.899675259048415388e+00 8.482823237447170706e-02
2.905955807169823046e+00 8.807408363239666027e-02
2.912242784565592046e+00 9.223471783500272747e-02
2.918528489082492516e+00 9.667982226497495724e-02
2.924812236943901578e+00 1.008777887257140682e-01
2.931097264553834236e+00 1.050597216962648739e-01
2.937379046647154990e+00 1.114610345419442539e-01
2.943662417245681340e+00 1.163031083310510361e-01
2.949948997849719756e+00 1.215961343805482264e-01
2.956228453902073561e+00 1.281866875528486771e-01
2.962510840116227673e+00 1.345776773864325870e-01
2.968797192440125965e+00 1.413380292929588278e-01
2.975078489423049533e+00 1.478190735445223114e-01
2.981360447198230457e+00 1.559515739420767044e-01
2.987647323528414223e+00 1.662453828355957286e-01
2.993932064934300641e+00 1.720659763232730566e-01
3.000209551562139421e+00 1.820020936329221350e-01
3.006487470944601892e+00 1.897224979563237046e-01
3.012770586989486521e+00 2.033364622303975577e-01
3.019055028984091837e+00 2.163021248099616101e-01
3.025339593109035885e+00 2.272610929693211212e-01
3.031624651041083141e+00 2.446509918334891232e-01
3.037909525040372927e+00 2.573296706041303117e-01
3.044196264475506730e+00 2.752902409706389220e-01
3.050477886447245712e+00 2.958464059008142910e-01
3.056756711732924625e+00 3.125691216709690634e-01
3.063041213115731409e+00 3.335842952879609080e-01
3.069324013399330031e+00 3.607470631975718822e-01
3.075611272807551533e+00 3.803921822100331251e-01
3.081895489281643030e+00 4.106570956188103083e-01
3.088176199887292306e+00 4.531180999653167674e-01
3.094459112917897325e+00 4.798791126374492566e-01
3.100744234350492956e+00 5.358589805378852766e-01
3.107029324214496846e+00 5.737127745564888359e-01
3.113310425776543600e+00 6.259613030586826943e-01
3.119592029507459507e+00 6.560148158347587355e-01
3.125875559417674587e+00 7.174830660704227814e-01
3.132160147770352676e+00 7.688832683503071808e-01
3.138440210879888337e+00 9.092350220681743034e-01
3.144724491651683440e+00 9.783514131044110940e-01
3.151004924765398840e+00 1.138652802234231931e+00
3.157285342196649136e+00 1.237032812423227490e+00
3.163570603826113992e+00 1.390374685638504637e+00
3.169852350185627277e+00 1.582598886608186373e+00
3.176138770387999966e+00 1.835814373013811451e+00
3.182422419512343836e+00 2.015844956584560865e+00
3.188703671424619746e+00 2.398354899454080424e+00
3.194991280550246948e+00 2.760062073873079669e+00
3.201276738120839127e+00 3.482778757884171572e+00
3.207553033218304872e+00 4.480447471055279962e+00
3.213836161597863672e+00 2.900912969708158151e+00
3.220123259784395398e+00 2.112310366083166628e+03
3.226407551420531483e+00 3.474558735969103918e+00
3.232689305629245613e+00 4.063163181356685527e+00
3.238971071582136041e+00 3.268431485561307248e+00
3.245255685894246067e+00 2.761964175380050790e+00
3.251535715250951863e+00 2.413768142212481038e+00
3.257819502328903827e+00 2.080804028340212941e+00
3.264103492610594071e+00 1.865202399145335255e+00
3.270384810144397303e+00 1.617633621718622683e+00
3.276670428022039783e+00 1.494565277733138853e+00
3.282955566270326919e+00 1.356975801512915636e+00
3.289237716703969916e+00 1.210344515138243926e+00
3.295520653962330293e+00 1.086182223492327292e+00
3.301807644101458550e+00 9.635664980364209153e-01
3.308089302529158449e+00 8.988915848206326942e-01
3.314368987794545252e+00 8.004667243635290586e-01
3.320652691368451315e+00 7.566366067920947680e-01
3.326932422871479833e+00 6.829959869369601755e-01
3.333218115701501727e+00 6.317041914611792874e-01
3.339505861603602188e+00 5.900257308722582916e-01
3.345788344868127595e+00 5.573490689895760353e-01
3.352073190624765164e+00 5.137379730892368546e-01
3.358352694183646125e+00 4.818658133145025113e-01
3.364631227903127186e+00 4.519229674831731214e-01
3.370918965384773536e+00 4.166856523932641609e-01
3.377201513381668629e+00 4.014068738497366673e-01
3.383485934595764633e+00 3.753304584713239578e-01
3.389772491671652066e+00 3.526704027963535881e-01
3.396053991719500509e+00 3.350615853296260993e-01
3.402334005192525712e+00 3.157567546145924609e-01
3.408611853508482170e+00 3.022025192543865146e-01
3.414897839864825535e+00 2.869270348254482350e-01
3.421181285155862728e+00 2.697590043441421281e-01
3.427465364374100876e+00 2.581764324893828233e-01
3.433754096688785840e+00 2.471912058627581676e-01
3.440035356242748144e+00 2.365794342761090852e-01
3.446315808169163386e+00 2.245053193177940221e-01
3.452602963757077426e+00 2.133547781781049424e-01
3.458885619127623823e+00 2.059390442730404946e-01
3.465165758924614980e+00 1.957405651278153191e-01
3.471451503231973046e+00 1.873231536405710052e-01
3.477736678957558336e+00 1.818721939807073917e-01
3.484022358005950615e+00 1.744905881369451794e-01
3.490300354914448899e+00 1.650133514702698811e-01
3.496585015994501777e+00 1.617977416844433025e-01
3.502870831105572069e+00 1.550901216069745792e-01
3.509147722814735637e+00 1.495859698328989018e-01
3.515429662141086098e+00 1.439540573229265707e-01
3.521712008697834850e+00 1.384794113682921712e-01
3.527993736944767811e+00 1.344220068577382798e-01
3.534279159635547618e+00 1.301869577628153585e-01
3.540566564128809546e+00 1.245983223117158450e-01
3.546847878650843722e+00 1.223254338284630177e-01
3.553133555247947939e+00 1.188687526712835646e-01
3.559420214763478363e+00 1.144486098385242567e-01
3.565699480408631494e+00 1.115204429064734909e-01
3.571981368517234134e+00 1.083262585144068313e-01
3.578268698423837879e+00 1.042168357281324925e-01
3.584550774530670392e+00 1.018321753904079252e-01
3.590828935987784298e+00 9.918917278290519113e-02
3.597110718088889492e+00 9.619572157047620586e-02
3.603396512424406506e+00 9.427381223494349372e-02
3.609676747082802173e+00 9.115468182101468808e-02
3.615957977992316330e+00 8.960769397337710329e-02
3.622243580426721010e+00 8.649627634716547386e-02
3.628522628462809596e+00 8.508404846721057124e-02
3.634808120005133425e+00 8.258490576122692883e-02
3.641096965386622752e+00 8.124284570545783901e-02
3.647384913781243299e+00 7.911542599023134448e-02
3.653666753133836043e+00 7.748370337551052645e-02
3.659947726352769770e+00 7.622788910603855994e-02
3.666234893709818365e+00 7.438034418914341028e-02
3.672516996003137191e+00 7.332419400682624322e-02
3.678797940623468765e+00 7.148318617054102986e-02
3.685082198750683435e+00 7.016123302691487651e-02
3.691363013935667237e+00 6.909823926445456121e-02
3.697646206996081375e+00 6.752643620420277493e-02
3.703928900991629636e+00 6.703388172742708040e-02
3.710211472841704605e+00 6.582582253543871331e-02
3.716497167052446926e+00 6.482653303292237879e-02
3.722777172938726675e+00 6.407010654062954280e-02
3.729061287240359235e+00 6.235214660308601581e-02
3.735344545777875336e+00 6.225314318151805443e-02
3.741626449543836941e+00 6.118191132082157618e-02
3.747909505093512728e+00 6.054176975890405293e-02
3.754193016198873689e+00 5.992040622769199965e-02
3.760479637558913790e+00 5.934970884902543431e-02
3.766759446133269851e+00 5.878597729050384635e-02
3.773037643559592702e+00 5.778239201465294739e-02
3.779325182447645037e+00 5.769475928839962187e-02
3.785611241998332765e+00 5.710655553487588298e-02
3.791893886399857028e+00 5.665452177284089480e-02
3.798178379008452232e+00 5.649290979258481810e-02
3.804460597007844669e+00 5.598109455684930486e-02
3.810741293786842121e+00 5.636495255935140142e-02
3.817024656157668172e+00 5.554592919615946450e-02
3.823308984901775620e+00 5.548990769466570494e-02
3.829591178579501598e+00 5.543732749980395669e-02
3.835873668636422096e+00 5.499293161609488528e-02
3.842161045612500381e+00 5.549176069908704628e-02
3.848445733590433626e+00 5.472079368045924819e-02
3.854726100441019820e+00 5.558052408626672214e-02
3.861008152561713036e+00 5.515296259506771714e-02
3.867288667520160317e+00 5.501851896123056973e-02
3.873571407143857837e+00 5.558929280698721859e-02
3.879855154507281689e+00 5.533649017843347839e-02
3.886140680133453706e+00 5.619077422288050461e-02
3.892423554426630350e+00 5.592362577471202134e-02
3.898707135643554089e+00 5.660152892292300703e-02
3.904992757440263862e+00 5.703600685331871450e-02
3.911274451483945036e+00 5.684562604815198567e-02
3.917556732333046021e+00 5.816753883875347420e-02
3.923841166575323225e+00 5.766705440079253342e-02
3.930124816016721478e+00 5.924150351728598579e-02
3.936403665333011226e+00 5.926717441448159374e-02
3.942687802723190860e+00 5.967072774486310155e-02
3.948975148759096498e+00 6.120939581958878550e-02
3.955262046498601247e+00 6.050158829646944125e-02
3.961543413939611291e+00 6.320588001986424120e-02
3.967823997647459411e+00 6.273845936884572816e-02
3.974109649109424769e+00 6.418416689088393690e-02
3.980390315513306465e+00 6.551300767309985174e-02
3.986670633178865497e+00 6.504941666280829315e-02
3.992954341574337374e+00 6.837017155661574697e-02
3.999239437674898312e+00 6.756045459279520771e-02
4.005522652480014045e+00 7.012760679991528190e-02
4.011802048177673718e+00 7.115455401656418932e-02
4.018085141715408426e+00 7.152046302871714611e-02
4.024369535233901729e+00 7.488567864804263063e-02
4.030649783293330124e+00 7.370469344558186475e-02
4.036932679129111357e+00 7.810856235488114474e-02
4.043220418290019325e+00 7.819320073230895396e-02
4.049507661662086200e+00 8.008617193097734843e-02
4.055788045907045891e+00 8.291358565844354767e-02
4.062067059164522043e+00 8.191197065507417607e-02
4.068352854787344874e+00 8.868914520680218350e-02
4.074635659509510788e+00 8.745592427076641362e-02
4.080917054045270831e+00 9.131314926454539571e-02
4.087205686088069889e+00 9.309988604588519123e-02
4.093490301644573393e+00 9.394910457716029728e-02
4.099770438207295697e+00 1.008130249572409265e-01
4.106052527015961573e+00 9.936974968096849714e-02
4.112336138144955910e+00 1.056388665409735694e-01
4.118621532583603972e+00 1.063017748029508186e-01
4.124903585067976941e+00 1.098582426580068938e-01
4.131182712642240240e+00 1.153739361543532765e-01
4.137468630000815217e+00 1.131130905439606676e-01
4.143753536347550614e+00 1.254844324660243093e-01
4.150036722937140432e+00 1.231110111032166637e-01
4.156319556835904372e+00 1.293461189585451421e-01
4.162601167118149981e+00 1.346455825947389662e-01
4.168887134570721464e+00 1.332164813061441355e-01
4.175169561765874171e+00 1.480693331842180827e-01
4.181452242899395877e+00 1.443382439023163932e-01
4.187739255360579449e+00 1.571242837155904237e-01
4.194021594670000574e+00 1.588167449527209674e-01
4.200300760695198754e+00 1.621691133102710070e-01
4.206583573312412838e+00 1.757617542050917137e-01
4.212864548425995892e+00 1.696671099949001449e-01
4.219147128485455589e+00 1.949559223981685852e-01
4.225433661438403377e+00 1.892015501898819951e-01
4.231718368477329406e+00 2.026402393175348315e-01
4.237998895475036498e+00 2.119134591183079730e-01
4.244279597466258380e+00 2.050337940958444349e-01
4.250566280105218198e+00 2.444446002778253579e-01
4.256851587952112936e+00 2.274563903828176747e-01
4.263132860899111698e+00 2.554517863936637823e-01
4.269414568915884445e+00 2.614617863490010241e-01
4.275698115740782512e+00 2.616247577450251938e-01
4.281980156021848671e+00 3.029692308825676084e-01
4.288263338818810944e+00 2.792974803866990485e-01
4.294548516739729926e+00 3.374225679607948947e-01
4.300830910891001224e+00 3.216380481745278463e-01
4.307114686814344395e+00 3.475311529801026200e-01
4.313397714262970695e+00 3.781098376829614138e-01
4.319680042548951882e+00 3.457237992835885398e-01
4.325962677260454470e+00 4.532271119044460894e-01
4.332247955255882133e+00 4.059964879096741863e-01
4.338534851577296791e+00 4.770934447282321189e-01
4.344817821624197940e+00 4.765519828645729539e-01
4.351099303949236052e+00 4.709971040195014003e-01
4.357383544198474290e+00 6.010854057116751248e-01
4.363669160634735533e+00 5.162643049504676007e-01
4.369952160826413134e+00 6.809638906187853724e-01
4.376231841677308942e+00 6.191079673507566827e-01
4.382510196913425915e+00 7.010822142433991155e-01
4.388795959382868261e+00 7.851823440082547068e-01
4.395079843903230810e+00 6.625460618220541109e-01
4.401360933733665881e+00 1.013043170155126349e+00
4.407643714302012405e+00 8.127141803739950099e-01
4.413926461136920665e+00 1.111318865819530766e+00
4.420212544897195173e+00 1.041571758009659066e+00
4.426495749838379012e+00 9.999505498122338576e-01
4.432779159072235409e+00 1.547466942804529788e+00
4.439059915458222427e+00 1.117931901997519573e+00
4.445341878237662137e+00 1.823490790315862364e+00
4.451628428868033005e+00 1.405703864755284860e+00
4.457914551035861095e+00 1.910732388608586962e+00
4.464200235517868265e+00 2.051886222910460855e+00
4.470482182628605194e+00 1.684992227276816301e+00
4.476764673345638990e+00 3.304163573130566522e+00
4.483049464187839561e+00 2.145930263449884023e+00
4.489333155731497271e+00 4.090864862690233750e+00
4.495613345822325080e+00 2.924430448009623706e+00
4.501892119142445026e+00 2.863134982598879663e+00
4.508175121787952655e+00 6.212829258726833004e+00
4.514460900366407792e+00 3.775522953783457591e+00
4.520742053546796591e+00 8.916610066050459693e+00
4.527023810359859013e+00 5.720918071458960696e+00
4.533308960469576654e+00 1.164747863034959430e+01
4.539592363903683037e+00 7.378623894980576914e+00
4.545874919538348990e+00 5.555129217440850198e+00
4.552157687156885402e+00 2.460653819265521179e+03
4.558443781612104395e+00 6.645618260566806157e+00
4.564727638565654111e+00 1.243623263623136843e+01
4.571009437592583602e+00 5.292875943469491418e+00
4.577294624203679163e+00 4.401661310262546145e+00
4.583578089646453968e+00 7.524990275139550100e+00
4.589862179487309568e+00 3.463738975841884837e+00
4.596143999485379439e+00 5.483892673599728873e+00
4.602425263016355572e+00 2.950064529174213135e+00
4.608712017363744806e+00 3.228821882783138086e+00
4.614996038799121791e+00 3.388597393001895330e+00
4.621277296175202665e+00 2.045517360917989969e+00
4.627559936726636458e+00 3.022479596619241260e+00
4.633841741478233800e+00 1.769823292251347047e+00
4.640122475394416135e+00 2.102722014956434293e+00
4.646404355152583321e+00 1.824056321429215588e+00
4.652690604636823046e+00 1.336420993496878040e+00
4.658976230417983366e+00 1.894827799233608667e+00
4.665257901055365863e+00 1.235324125065824008e+00
4.671540647875587204e+00 1.448370359880538860e+00
4.677823961431464284e+00 1.207773921608888745e+00
4.684108235097336426e+00 9.452529313654818299e-01
4.690391798870516382e+00 1.300483465436377051e+00
4.696675467203847987e+00 8.746253585523326990e-01
4.702958737792436672e+00 1.024436905413182330e+00
4.709239588303709922e+00 8.515770768484365316e-01
4.715521529300301218e+00 7.878493427876205324e-01
4.721804241650856326e+00 8.530519104470460912e-01
4.728088995851720711e+00 6.656828973734532084e-01
4.734372372593826483e+00 7.844641890999292100e-01
4.740653441478511532e+00 6.333069594816560510e-01
4.746937690136521226e+00 6.335825620030770544e-01
4.753220866740556438e+00 6.231889278330384752e-01
4.759499584445610942e+00 5.168232587576923054e-01
4.765784674643524177e+00 5.985056454804534853e-01
4.772072066667437440e+00 4.970687666124839477e-01
4.778354574712954772e+00 5.072038360259938372e-01
4.784639688699459548e+00 4.772853830436816214e-01
4.790924571112255670e+00 4.298285882905105715e-01
4.797207630427470448e+00 4.682642294464914312e-01
4.803491281906666188e+00 3.947894517290272964e-01
4.809774797188141271e+00 4.191276888510422349e-01
4.816055012942697999e+00 3.806658227594004185e-01
4.822335756210613056e+00 3.617159946450365093e-01
4.828618372965728156e+00 3.680202108318758047e-01
4.834902420031529147e+00 3.262809282449671833e-01
4.841185408631580422e+00 3.495573553609049866e-01
4.847466912745727718e+00 3.136093699662197976e-01
4.853753607692918415e+00 3.093066165083364072e-01
4.860040654770696023e+00 3.032836520527162349e-01
4.866322071713594433e+00 2.768514603864788426e-01
4.872604241020684235e+00 2.945563983641329431e-01
4.878889019589767173e+00 2.644217983858466181e-01
4.885169833709484877e+00 2.669809529967350215e-01
4.891451276335970988e+00 2.549286661293037604e-01
4.897735676523086390e+00 2.425409884140324046e-01
4.904020888466774863e+00 2.465936509005991761e-01
4.910302466098539043e+00 2.269763422795597341e-01
4.916582728670469749e+00 2.332746446835043952e-01
4.922870405746558653e+00 2.200848900620344661e-01
4.929152603204811633e+00 2.155978610282519303e-01
4.935433400905724355e+00 2.137058713299358204e-01
4.941720002621369012e+00 1.989385663657911307e-01
4.948000629162284447e+00 2.067699505429846929e-01
4.954284600437537378e+00 1.935378195255270106e-01
4.960568964118362345e+00 1.928707326832653779e-01
4.966849452054189484e+00 1.877111520901159902e-01
4.973133312553746244e+00 1.810158229158647381e-01
4.979416667731975110e+00 1.841789469216804365e-01
4.985701847394269137e+00 1.737539950165231661e-01
4.991986126907685062e+00 1.752055137648628191e-01
4.998266089552569014e+00 1.710895803240956858e-01
5.004548850075229538e+00 1.667602118259229049e-01
5.010834613416704109e+00 1.670566123092188382e-01
5.017114133618883365e+00 1.595633522738646726e-01
5.023396754503464123e+00 1.637481878364226706e-01
5.029682555385535103e+00 1.579096471082672704e-01
5.035962952494468681e+00 1.562054867892282983e-01
5.042248916723991670e+00 1.562908146294448297e-01
5.048534518437475249e+00 1.520597700945377218e-01
5.054817055058077102e+00 1.545982765646082835e-01
5.061103124450734292e+00 1.485107867424755868e-01
5.067385418511126005e+00 1.515316155179843582e-01
5.073665350133166108e+00 1.497178281233337571e-01
5.079944158568527435e+00 1.464448913929713159e-01
5.086229157971559722e+00 1.477328580881852316e-01
5.092516081670024342e+00 1.461550363218854787e-01
5.098799062815714933e+00 1.488168549279482167e-01
5.105081564999609967e+00 1.458988880852171988e-01
5.111362075909486435e+00 1.458136039677247198e-01
5.117646708276604173e+00 1.481990167763067301e-01
5.123931579419740423e+00 1.455346623121785976e-01
5.130214175713612157e+00 1.478958549210427076e-01
5.136495802354272833e+00 1.484264617074167181e-01
5.142780182582010973e+00 1.506618149892079428e-01
5.149064547742418618e+00 1.499789786335004038e-01
5.155344632471284605e+00 1.487568850716733948e-01
5.161628512901673460e+00 1.559306234815983350e-01
5.167914708882204167e+00 1.544554741512015050e-01
5.174198770587969065e+00 1.555563282157171323e-01
5.180481984271699147e+00 1.562791964208130324e-01
5.186765863297754464e+00 1.626418078226737896e-01
5.193047702705746893e+00 1.642072507252869684e-01
5.199327701301567295e+00 1.636303606394798327e-01
5.205610051315074038e+00 1.680984220991862954e-01
5.211893783792568513e+00 1.737253417432683966e-01
5.218178654991308285e+00 1.763010217553381831e-01
5.224460565579556182e+00 1.759787451162526939e-01
5.230741351715697540e+00 1.844761349505165404e-01
5.237027120177700112e+00 1.917712881127726643e-01
5.243314739467697549e+00 1.917707574572941331e-01
5.249595278023606149e+00 1.932778058099698937e-01
5.255875849079584938e+00 2.089718018960196322e-01
5.262158673469957471e+00 2.115819616916156110e-01
5.268439395112831214e+00 2.139182406820379911e-01
5.274722108206590931e+00 2.180282662659737136e-01
5.281007345641278938e+00 2.370244623799356576e-01
5.287293380248259567e+00 2.404167972563253097e-01
5.293576735145029133e+00 2.418567745296180405e-01
5.299860851423467523e+00 2.538894652259778839e-01
5.306144493245258609e+00 2.755257530668091537e-01
5.312427159026070100e+00 2.789976453322600136e-01
5.318710177455853838e+00 2.748244875191124814e-01
5.324993165098304893e+00 3.091695947611713957e-01
5.331278074387978627e+00 3.253484565990795163e-01
5.337561778582737837e+00 3.276510755781629758e-01
5.343844392417137712e+00 3.246912529344910814e-01
5.350127046241198059e+00 3.776479595982667470e-01
5.356410632573585850e+00 3.905592092807124160e-01
5.362696075374680404e+00 3.924453286830729137e-01
5.368977622023428431e+00 4.002249030222662651e-01
5.375259264787404234e+00 4.671644247902994040e-01
5.381542175673222239e+00 4.871160263921595068e-01
5.387824976115930475e+00 4.682288987196063790e-01
5.394108529100064331e+00 5.245368696513985629e-01
5.400390002504265929e+00 5.975281835820577259e-01
5.406673750202084960e+00 6.027630069207342567e-01
5.412955699794467890e+00 5.578869358945061085e-01
5.419237955148318520e+00 7.043850179666610867e-01
5.425523090525197212e+00 7.725228008416671344e-01
5.431805715860540396e+00 7.860392632307079408e-01
5.438090831113179924e+00 6.992662066026550383e-01
5.444374481405862554e+00 9.875054136770755608e-01
5.450656385985535479e+00 1.055023559907894981e+00
5.456941012042004324e+00 1.062186041141972792e+00
5.463223574256159232e+00 9.840806592002492303e-01
5.469506233746614043e+00 1.392872123873636792e+00
5.475791313392783799e+00 1.486179483656494771e+00
5.482076520806099751e+00 1.394311298272367328e+00
5.488361758921633360e+00 1.469148455243730389e+00
5.494642978338553085e+00 2.085361776287543822e+00
5.500922328851260090e+00 2.335945687403918836e+00
5.507204020884158169e+00 1.683029558962596095e+00
5.513487086383534574e+00 2.776925818230648879e+00
5.519772673170036725e+00 3.407897658910461036e+00
5.526055063335959083e+00 3.652858115355203328e+00
5.532333106276354329e+00 2.570306005479621181e+00
5.538615491667449930e+00 4.905314182999008565e+00
5.544903720115636148e+00 6.120259382581545893e+00
5.551187288815954801e+00 7.422829211686454265e+00
5.557470531467981090e+00 4.559565198212543358e+00
5.563755611658447897e+00 8.703442906985410232e+00
5.570037554875349350e+00 1.272874720055762964e+03
5.576319117887759802e+00 6.715440681910028964e+00
5.582602002155147680e+00 4.677585665860969577e+00
5.588888631490213754e+00 7.622605438295260605e+00
5.595175275496153233e+00 6.181703655885582904e+00
5.601458712915984961e+00 2.889400565458567716e+00
5.607739290868620330e+00 4.804700843847346192e+00
5.614020862542647983e+00 4.028061292115806324e+00
5.620301751604071860e+00 3.395428694963060323e+00
5.626585003660349749e+00 1.916240762096658390e+00
5.632870193703824135e+00 2.955671944504573379e+00
5.639149634200363970e+00 2.527234883151916467e+00
5.645432108629827361e+00 1.970053061920020054e+00
5.651717488754057328e+00 1.500134724980096035e+00
5.658002094958268557e+00 1.864547978776619708e+00
5.664286976960462461e+00 1.595025163180957994e+00
5.670566925585673879e+00 1.160885705344087304e+00
5.676852042208761162e+00 1.286417469880924314e+00
5.683137388589912575e+00 1.282407877313526345e+00
5.689418158699685257e+00 1.112166267963470512e+00
5.695702068056029077e+00 8.457453289280364439e-01
5.701985967982890813e+00 1.062547711112798554e+00
5.708271056387263620e+00 9.412889614231656488e-01
5.714552979709825564e+00 8.068111083934063066e-01
5.720831601415190093e+00 7.074038948204477428e-01
5.727115355927898221e+00 7.925181276316194401e-01
5.733398957275753105e+00 7.136251241176908566e-01
5.739684091351107575e+00 6.044306412975520848e-01
5.745967659604392708e+00 6.088624443749438564e-01
5.752250391047120992e+00 6.104141132536760050e-01
5.758534671789668380e+00 5.580473637964168399e-01
5.764815058099513223e+00 4.795277361276824024e-01
5.771097431484660589e+00 5.278418582902004719e-01
5.777380386878713026e+00 4.921081604882661109e-01
5.783664936364128373e+00 4.497961285066224835e-01
5.789947151929451863e+00 4.100358368141852061e-01
5.796231493774793186e+00 4.354577222265914593e-01
5.802516691340624533e+00 4.057985044127720431e-01
5.808797995112186641e+00 3.714421338517576721e-01
5.815082184083208539e+00 3.618697087921994293e-01
5.821365271507954020e+00 3.674246641301897598e-01
5.827645525290467532e+00 3.408069361990347379e-01
5.833928171908906890e+00 3.134615987988753072e-01
5.840215967589452717e+00 3.205422082492609404e-01
5.846501812893647454e+00 3.122951286817087779e-01
5.852781909673957728e+00 2.929241480301562062e-01
5.859063783293738226e+00 2.730707012153071878e-01
5.865349571500913406e+00 2.852267820644717178e-01
5.871632939480924129e+00 2.706352374907301517e-01
5.877914823986006176e+00 2.559259548806018247e-01
5.884196626054889023e+00 2.493688194205553044e-01
5.890479074317132913e+00 2.537927867435800233e-01
5.896763574100915228e+00 2.396524191976732443e-01
5.903046036848450306e+00 2.284045683221152812e-01
5.909328377713869429e+00 2.276345988871084913e-01
5.915613028288355224e+00 2.265844782015265790e-01
5.921894409622731281e+00 2.163917931952504259e-01
5.928177134794152536e+00 2.092336937543594066e-01
5.934464774883918992e+00 2.116667385899248799e-01
5.940751250578068188e+00 2.067778807169572686e-01
5.947033452245725549e+00 1.999935448638188729e-01
5.953312775740306151e+00 1.928932118801628126e-01
5.959594106507988265e+00 1.964237740480549721e-01
5.965876424548630652e+00 1.917704882555201495e-01
5.972161112468720390e+00 1.865820581407859058e-01
5.978446099492319199e+00 1.837606895820769470e-01
5.984727467931779010e+00 1.850768115613824483e-01
5.991012985181142447e+00 1.797891435938900051e-01
5.997297612744741713e+00 1.768142847277523744e-01
6.003577416164464609e+00 1.768404085090771738e-01
6.009860806138807909e+00 1.760299343727845522e-01
6.016144510375737831e+00 1.744226514311583986e-01
6.022426254013592661e+00 1.714622072026082689e-01
6.028706803290871719e+00 1.733198765323671897e-01
6.034987951204773715e+00 1.716946628468097313e-01
6.041274067685003857e+00 1.691724215687100130e-01
6.047558134944117647e+00 1.691922741770716387e-01
6.053840825089524813e+00 1.711410203532128804e-01
6.060125328398456190e+00 1.707555433543245516e-01
6.066409969294784155e+00 1.696049757023754545e-01
6.072694327029352301e+00 1.697713678144565919e-01
6.078974651295977694e+00 1.718520700215541153e-01
6.085257277597498238e+00 1.717181514232113682e-01
6.091541245232643398e+00 1.727439207024352441e-01
6.097826243439735450e+00 1.747786204532114918e-01
6.104111770776667889e+00 1.760114269407913601e-01
6.110396747466277034e+00 1.769712946665466802e-01
6.116679071538609236e+00 1.768016399881215950e-01
6.122958529493147672e+00 1.817996631046054079e-01
6.129240445810509641e+00 1.820749858390909581e-01
6.135524780557309654e+00 1.850802427763815483e-01
6.141807474577858805e+00 1.868201595510026181e-01
6.148089386189230510e+00 1.918064982505055527e-01
6.154375713159891070e+00 1.954003582150705964e-01
6.160661139581105950e+00 1.999275572525782974e-01
6.166941022971138331e+00 2.007608181111565637e-01
6.173222562097184785e+00 2.061495089651043111e-01
6.179507647741183440e+00 2.121494376926487124e-01
6.185789356936125749e+00 2.154719649649799451e-01
6.192072249861043431e+00 2.198003821610584052e-01
6.198356783359496802e+00 2.269378793557968177e-01
6.204641274559973496e+00 2.344951199701195976e-01
6.210924271106035732e+00 2.397999874518546570e-01
6.217206768102415460e+00 2.466046133165128162e-01
6.223486202302879633e+00 2.526356954867280957e-01
6.229767722260432627e+00 2.638788744101591144e-01
6.236054214854060085e+00 2.687282922943076136e-01
6.242340046436461343e+00 2.771727475806444740e-01
6.248623268972994360e+00 2.906429962824093050e-01
6.254906079998900026e+00 2.961311140099993078e-01
6.261190798611801611e+00 3.106329585372287760e-01
6.267470893840453527e+00 3.261490132511238871e-01
6.273752395561465356e+00 3.403557189283481499e-01
6.280038415116336203e+00 3.586943076153767396e-01
6.286322359143823313e+00 3.685989412317624003e-01
6.292605930180390494e+00 3.821127678349496293e-01
6.298890629102372074e+00 3.948227000100224537e-01
6.305171573266470375e+00 4.228411124711820013e-01
6.311455101240412091e+00 4.327895050033582769e-01
6.317739752668598996e+00 4.673501896942924838e-01
6.324019791664828638e+00 4.815814185583309204e-01
6.330300090404453961e+00 5.170794258958516521e-01
6.336582976227302488e+00 5.451794608625042393e-01
6.342866512790590328e+00 5.601606414286068869e-01
6.349149664171966911e+00 5.925622647260202491e-01
6.355436214245748339e+00 6.509327702498418633e-01
6.361722100221464338e+00 6.644550801087292236e-01
6.368004157429771439e+00 7.377381157216443830e-01
6.374285543992137093e+00 7.549967512436294159e-01
6.380569360201161722e+00 7.905202909201302086e-01
6.386853196179592906e+00 8.343493897420193317e-01
6.393134053012607509e+00 9.509831081517357010e-01
6.399418824019404539e+00 9.722656153558685288e-01
6.405704396360532904e+00 9.851952647993390544e-01
6.411984928491945013e+00 1.000872064690231600e+00
6.418265745466296579e+00 1.145639158867162610e+00
6.424549958658937854e+00 1.089661453818289383e+00
6.430834939158401653e+00 1.076332429236363630e+00
