8.899641653093008295e-03 3.410791250375601269e+00
1.539332528288165670e-02 4.016243828667534821e+00
2.155046762996598239e-02 3.864796688682154535e+00
2.783660762585126597e-02 3.394097483056223830e+00
3.439928854529101382e-02 2.867479764498197081e+00
4.083988908678293228e-02 2.428765296936035156e+00
4.696089820801348236e-02 2.125613005264945787e+00
5.319831544433587661e-02 1.925447736467633897e+00
5.953007160048735813e-02 1.782554439076206254e+00
6.593106050382960270e-02 1.655201731861888126e+00
7.211112823241795644e-02 1.526752804487179427e+00
7.840743265709380905e-02 1.371682517420800496e+00
8.486374147573563786e-02 1.205497396389304088e+00
9.105720993371453631e-02 1.060868219999254292e+00
9.723119438183111529e-02 9.383342405225409966e-01
1.035474523099094157e-01 8.445216665047734494e-01
1.098380096325790867e-01 7.815883648260490979e-01
1.160878800454857029e-01 7.387326907299550660e-01
1.223769048302436324e-01 7.057225344334719930e-01
1.287591547856025143e-01 6.692799543088875369e-01
1.350589943281513827e-01 6.277819520007019705e-01
1.412290290659165837e-01 5.801037235302625161e-01
1.475161690700088069e-01 5.294119201834045496e-01
1.537996369822966225e-01 4.804356052995567561e-01
1.601026478659483554e-01 4.396809759843489096e-01
1.664508001660549019e-01 4.091311326875571308e-01
1.727583237560037233e-01 3.863706366227673827e-01
1.790245845132147351e-01 3.702960810996140939e-01
1.852702546080971790e-01 3.562616343448326006e-01
1.914887492119529966e-01 3.423476338596781465e-01
1.977904085892937536e-01 3.255900995965214650e-01
2.041115446406587541e-01 3.065002506248577507e-01
2.104256850836569714e-01 2.862029708059210531e-01
2.167058561960866769e-01 2.670110605487198141e-01
2.229761248051159717e-01 2.502680660374574928e-01
2.292828550697881274e-01 2.360102147411748119e-01
2.355310205895554676e-01 2.251365964423324428e-01
2.418144967727207939e-01 2.163261906450213712e-01
2.481043196360692704e-01 2.088566261278243519e-01
2.543667409246888611e-01 2.014676745040747674e-01
2.606678092543103231e-01 1.934021320689299495e-01
2.669430136113040697e-01 1.842635995692244455e-01
2.732519464783976226e-01 1.753007214951600168e-01
2.795627339315375770e-01 1.665887544768966944e-01
2.858373502475139438e-01 1.582786664378168784e-01
2.920953075698756729e-01 1.511096833690323271e-01
2.983525092968341563e-01 1.448081876846251115e-01
3.046702740008471189e-01 1.395559520215514104e-01
3.109590627528140416e-01 1.347269141566142525e-01
3.172239916515500191e-01 1.302401853169152246e-01
3.235299724572279767e-01 1.257785442321354419e-01
3.298388395071043533e-01 1.211598793845339722e-01
3.361383844359337458e-01 1.163212584859393134e-01
3.423877713306480719e-01 1.117913010980879224e-01
3.486623155692267217e-01 1.074172122015809028e-01
3.549448882949312045e-01 1.032130019267459842e-01
3.611996781549324798e-01 9.953504669366537716e-02
3.674875026172954029e-01 9.612414002175999339e-02
3.737698636248200090e-01 9.309167863232999107e-02
3.800714314497639634e-01 9.014131644244237351e-02
3.863585763589229560e-01 8.740904682410208237e-02
3.926354401118986037e-01 8.453464142783290169e-02
3.989457585494922132e-01 8.177878976012642465e-02
4.052156663313305485e-01 7.900654568500650732e-02
4.115034152883392804e-01 7.642022463862407911e-02
4.177905076349040514e-01 7.385061083962998763e-02
4.240487051047501788e-01 7.150436714940353045e-02
4.303463415118498614e-01 6.923473877853403291e-02
4.366358695421740932e-01 6.728820105849435407e-02
4.429029287921816826e-01 6.528885945856285900e-02
4.491680252572889942e-01 6.348401502110932737e-02
4.554486850820457788e-01 6.162273653501831872e-02
4.617725565885423267e-01 5.980621322821966929e-02
4.680757412093953795e-01 5.807000826463265541e-02
4.743564916629640638e-01 5.639022757280248016e-02
4.806425428564732871e-01 5.472909828105790991e-02
4.869129233098823395e-01 5.316330621767670350e-02
4.931745196394184405e-01 5.170853673003546896e-02
4.994506890543656263e-01 5.031427049813576302e-02
5.057241638978529075e-01 4.892957047778696833e-02
5.120042719980517631e-01 4.762685503852565061e-02
5.183192340646139984e-01 4.635205390762741490e-02
5.246161892892522438e-01 4.520160422213531648e-02
5.308869673046785476e-01 4.393735578975173361e-02
5.371637224096752483e-01 4.278711576799997668e-02
5.434652729571635144e-01 4.171316296665301959e-02
5.497524178004593587e-01 4.063488930466884613e-02
5.559970921381958142e-01 3.954468816601630632e-02
5.622866379023159222e-01 3.856597761521997347e-02
5.686033203527380842e-01 3.754773479505137818e-02
5.748823709563090079e-01 3.660367807203995100e-02
5.811585199734176088e-01 3.573193872629814444e-02
5.874446517276211699e-01 3.486324655450615678e-02
5.937246335834056588e-01 3.400606346378843431e-02
6.000023445208265693e-01 3.316698259665662452e-02
6.062700655927123483e-01 3.234872939708108297e-02
6.125564878198721530e-01 3.161461962500104056e-02
6.188675697062213654e-01 3.086466783308965817e-02
6.251436203714340056e-01 3.010731336455578500e-02
6.314092032308914471e-01 2.940291289876031944e-02
6.377070744462735030e-01 2.871185301326759087e-02
6.439915699782213787e-01 2.804880120899622131e-02
6.502746657481665027e-01 2.736274566765677443e-02
6.565654463687421449e-01 2.678432974386583260e-02
6.628457378217490481e-01 2.614223346820692892e-02
6.691273712706959920e-01 2.552201087959382955e-02
6.754135024521100705e-01 2.495047602300886486e-02
6.816942288653291548e-01 2.438817247168484359e-02
6.879707219643064198e-01 2.385203080596127317e-02
6.942401964891569133e-01 2.329834889955410132e-02
7.005213539313046578e-01 2.278599148670271829e-02
7.068163049835881617e-01 2.227024206362335570e-02
7.131046379544038194e-01 2.177924547951004194e-02
7.193979933183044517e-01 2.130152297925418450e-02
7.256912769458278012e-01 2.083823225880397298e-02
7.319732112087881104e-01 2.040530551792470865e-02
7.382575498732680819e-01 1.990599840491416236e-02
7.445309219837563663e-01 1.948717264299219820e-02
7.507908721544984676e-01 1.905510911490035028e-02
7.570762748651901353e-01 1.867613495704746260e-02
7.633652442780797243e-01 1.824449560768206732e-02
7.696523768503739094e-01 1.784930424522043063e-02
7.759443911184177312e-01 1.747575208551547382e-02
7.822388793759307291e-01 1.709281826318821348e-02
7.885422505712965657e-01 1.674386354241011107e-02
7.947958170677573708e-01 1.637683829090945745e-02
8.010501857211035359e-01 1.603610930876653642e-02
8.073371699120777123e-01 1.568523610467833715e-02
8.136256953004623593e-01 1.535762200782003067e-02
8.199185768310989220e-01 1.503097802378832587e-02
8.261975950269245805e-01 1.471444637372744738e-02
8.324916626456120294e-01 1.440920958326173673e-02
8.387980487119468531e-01 1.407987891027541461e-02
8.450681625339854230e-01 1.381348865317475437e-02
8.513326310877129544e-01 1.350378930096441006e-02
8.576229699198910650e-01 1.323355719018746643e-02
8.639079722665760075e-01 1.294617569155534671e-02
8.701845317394016899e-01 1.268767962747308249e-02
8.764647451447489246e-01 1.241119970780425914e-02
8.827524554796379874e-01 1.215984555159119705e-02
8.890360933084631156e-01 1.191666270496845835e-02
8.953122302139767674e-01 1.167458553659176529e-02
9.015989135410911182e-01 1.140850762830822838e-02
9.078856597069530077e-01 1.118617034973253856e-02
9.141777176955673267e-01 1.094991971826433409e-02
9.204705311210197305e-01 1.071217929380250886e-02
9.267502199878263625e-01 1.049441977940182916e-02
9.330346272813238029e-01 1.027745146081050082e-02
9.393297286529698198e-01 1.007385199783634305e-02
9.456020466528652912e-01 9.862810417355448445e-03
9.518687891863797379e-01 9.645800316217013892e-03
9.581418737840891042e-01 9.462349163740406757e-03
9.644369887048810375e-01 9.268524447084772189e-03
9.707375181351720617e-01 9.054285467441205992e-03
9.770097663529486720e-01 8.880838090162315387e-03
9.832835755838400527e-01 8.695414222475113253e-03
9.895569992810110405e-01 8.511378321616780082e-03
9.958480710782616763e-01 8.329654738707493317e-03
1.002138575493429995e+00 8.163857308212445207e-03
1.008406592376542843e+00 7.994561236681307220e-03
1.014697842972237973e+00 7.830871362265699742e-03
1.020995892874764666e+00 7.659762852198703613e-03
1.027276368069287793e+00 7.501071361049529464e-03
1.033563189136701643e+00 7.351973206051467050e-03
1.039851148620366539e+00 7.199025993889899590e-03
1.046127943161246687e+00 7.046823802080034137e-03
1.052404895272092133e+00 6.894292066341620347e-03
1.058683000430492127e+00 6.751251027352658980e-03
1.064967127327474117e+00 6.605346628520786419e-03
1.071258688161570438e+00 6.470312605969503507e-03
1.077544330604543799e+00 6.341282102001657289e-03
1.083828423436568711e+00 6.202263136120366241e-03
1.090113342297217791e+00 6.066665855319296023e-03
1.096393171946581147e+00 5.938622817124987636e-03
1.102683425690332397e+00 5.815234225827239575e-03
1.108964675464843452e+00 5.690872344339114978e-03
1.115226705913353378e+00 5.574596455615533387e-03
1.121503167812783808e+00 5.455855098439879418e-03
1.127793382225193985e+00 5.339214703504325220e-03
1.134092036465484288e+00 5.223109455325961915e-03
1.140366923395659482e+00 5.118670465621164532e-03
1.146641931784804447e+00 5.002114111429440541e-03
1.152944617322677390e+00 4.896499625958406106e-03
1.159230356871362666e+00 4.791566081686029176e-03
1.165510994903905084e+00 4.687292828854512823e-03
1.171794297100004156e+00 4.588027003006422098e-03
1.178088255559602393e+00 4.485644818294554949e-03
1.184371772446566995e+00 4.391296894279038236e-03
1.190639487122887363e+00 4.294386809195097944e-03
1.196916336380001056e+00 4.200096386373006890e-03
1.203204375371396573e+00 4.109664081095329956e-03
1.209488225901738323e+00 4.025599919717999173e-03
1.215765679709200020e+00 3.930888720996737577e-03
1.222058041744503942e+00 3.850840944266393714e-03
1.228350115998196657e+00 3.760129320776893838e-03
1.234637679107109420e+00 3.680193139653363532e-03
1.240908145406735441e+00 3.597500690219537344e-03
1.247180835746598104e+00 3.525498490466315738e-03
1.253468531500335770e+00 3.437170489778041717e-03
1.259751636995439350e+00 3.364729276271655189e-03
1.266035077425267108e+00 3.288344876061513600e-03
1.272321570618527797e+00 3.214516489496083585e-03
1.278608208280544778e+00 3.149586350939862466e-03
1.284887298154571367e+00 3.068075372301041093e-03
1.291176964274221017e+00 3.007529484795778713e-03
1.297469848393144831e+00 2.937538806083086085e-03
1.303745183221867832e+00 2.870095134096253223e-03
1.310019952103037566e+00 2.804120802351010074e-03
1.316304889985511428e+00 2.743299387610727193e-03
1.322589692250816240e+00 2.682524307332535655e-03
1.328868076233011619e+00 2.620226459862484269e-03
1.335146302472670188e+00 2.557101072154350629e-03
1.341442338921303268e+00 2.501136103381663197e-03
1.347732504022160827e+00 2.441482293467872860e-03
1.354002360904259961e+00 2.385585157584585968e-03
1.360285090555885645e+00 2.330941710784696294e-03
1.366569991348876023e+00 2.279179552021676301e-03
1.372854357884312648e+00 2.225145550658209990e-03
1.379136732473180915e+00 2.171285738484734096e-03
1.385410660878153122e+00 2.125627562251167224e-03
1.391699780091347760e+00 2.072968307365439210e-03
1.397986514487977949e+00 2.023956128214848393e-03
1.404269431125305445e+00 1.978730640155774469e-03
1.410558481592738334e+00 1.931353816551127081e-03
1.416841921169897933e+00 1.885551513933560923e-03
1.423120638450376285e+00 1.841428881731201712e-03
1.429399525711986918e+00 1.799255622953067207e-03
1.435687195920436032e+00 1.754492160385761603e-03
1.441978909597384506e+00 1.713107907412989538e-03
1.448256353182435952e+00 1.671392503978898171e-03
1.454533979889224504e+00 1.632561947574688458e-03
1.460823291195719742e+00 1.595463258344397180e-03
1.467115297699349785e+00 1.556088729142378162e-03
1.473396431849603117e+00 1.517077642843276579e-03
1.479672187129404293e+00 1.479198854193716339e-03
1.485957336950811003e+00 1.447778310514660251e-03
1.492235428844137068e+00 1.410972686430642282e-03
1.498505563158792242e+00 1.376270417035581816e-03
1.504788033368229971e+00 1.344880596170313540e-03
1.511077562324459223e+00 1.311555805412876856e-03
1.517363063341846008e+00 1.277673850629653307e-03
1.523653270341324806e+00 1.249535642991113880e-03
1.529942912799504340e+00 1.218523186878345049e-03
1.536231829420274808e+00 1.188731633322015870e-03
1.542513327069792606e+00 1.158572009316448295e-03
1.548785556440221534e+00 1.130914361090387633e-03
1.555073465503286512e+00 1.105587271411610307e-03
1.561358245907146003e+00 1.075431042389570976e-03
1.567631451431686029e+00 1.051295950692529959e-03
1.573918013544226335e+00 1.023918667083288528e-03
1.580207648268701970e+00 9.998106753825962683e-04
1.586489494063065386e+00 9.743270378635448571e-04
1.592763080732128689e+00 9.518163144107984718e-04
1.599049662621118140e+00 9.286285324950054737e-04
1.605345053337696948e+00 9.050295446264837885e-04
1.611620459129566862e+00 8.828203850822681368e-04
1.617898365736541777e+00 8.620286646030568675e-04
1.624184845436249969e+00 8.401824485454836063e-04
1.630466505740439054e+00 8.202953503793869276e-04
1.636751035144561328e+00 8.005650032790016801e-04
1.643032775792161226e+00 7.800621028114253751e-04
1.649311205731157637e+00 7.620910482109800269e-04
1.655595559618384449e+00 7.439557607080616751e-04
1.661881635856505390e+00 7.247774098623687789e-04
1.668171353955333336e+00 7.096029728971176183e-04
1.674453350850270361e+00 6.904954813210759405e-04
1.680725924646356395e+00 6.743876506052164359e-04
1.687014542692673036e+00 6.592107339428549765e-04
1.693310190593907416e+00 6.435710150784465294e-04
1.699585582287156615e+00 6.290173225954728484e-04
1.705866511081394421e+00 6.132754758275231477e-04
1.712160676675390514e+00 5.996801700175987456e-04
1.718444821026641867e+00 5.875258010039909832e-04
1.724722780324677629e+00 5.733014511327657117e-04
1.730998407906060743e+00 5.606644027600416781e-04
1.737287228726877686e+00 5.482991937800574603e-04
1.743568303176275425e+00 5.364028952410375027e-04
1.749841689593745420e+00 5.258067425439218309e-04
1.756129388522271517e+00 5.135161161896094686e-04
1.762415116633644363e+00 5.046090198283547171e-04
1.768698244482999726e+00 4.937617328647244232e-04
1.774980086402522028e+00 4.840601347345542668e-04
1.781265981096536777e+00 4.757211672829648455e-04
1.787550624457374449e+00 4.668603808970565026e-04
1.793835833491845833e+00 4.578244368985123899e-04
1.800117311233924822e+00 4.512064352454059086e-04
1.806395490080128896e+00 4.441339502637482077e-04
1.812674669631440416e+00 4.382905531027750943e-04
1.818957879507353992e+00 4.308823153737490331e-04
1.825245306758315422e+00 4.253811130515226368e-04
1.831528271693480647e+00 4.214206363289291516e-04
1.837812827050599118e+00 4.167446841171441527e-04
1.844103367940866489e+00 4.124994229178426011e-04
1.850386948924649388e+00 4.089932271782331132e-04
1.856666935595761014e+00 4.061387000286753872e-04
1.862948995952047992e+00 4.033928793831616428e-04
1.869230662203537285e+00 4.014085239288686766e-04
1.875518523852231834e+00 4.005978032390663385e-04
1.881801828956604083e+00 3.996017608473223992e-04
1.888079605905484737e+00 3.996978076103568098e-04
1.894354917179238207e+00 4.002676836756272278e-04
1.900643508338552223e+00 4.012580855222965871e-04
1.906933681097740418e+00 4.034615929474387398e-04
1.913208537729330194e+00 4.049983398647378076e-04
1.919491876081842907e+00 4.099654087395923391e-04
1.925778583551117418e+00 4.136087113579081133e-04
1.932066442879381896e+00 4.171339628941155486e-04
1.938345779800252577e+00 4.237332117008169551e-04
1.944621163117130624e+00 4.285843868742877883e-04
1.950906419736068598e+00 4.347508798743414870e-04
1.957194922928259695e+00 4.424152238336421985e-04
1.963480698366232735e+00 4.510656539028851868e-04
1.969761129083444473e+00 4.624056355328189051e-04
1.976050304691988391e+00 4.688942257363044592e-04
1.982339908457910083e+00 4.807717556154508061e-04
1.988618349245825812e+00 4.931138020562079007e-04
1.994897766502643721e+00 5.051474281050677331e-04
2.001180771161680028e+00 5.183443672710954901e-04
2.007460336186321026e+00 5.331298628640689574e-04
2.013738753216055777e+00 5.498162278183411867e-04
2.020018986124832772e+00 5.672781695318835932e-04
2.026310836118350167e+00 5.846562333277819214e-04
2.032601207862052561e+00 6.054281076586737285e-04
2.038875504895327317e+00 6.249821381366925692e-04
2.045155551699306962e+00 6.429077562962581122e-04
2.051445731990026999e+00 6.664894862592500233e-04
2.057731375213294633e+00 6.897184863645407357e-04
2.064016423384301913e+00 7.186268616539477237e-04
2.070302827783211619e+00 7.365122038777266976e-04
2.076590615358942848e+00 7.707038982035615193e-04
2.082865814675600280e+00 7.964481400358752045e-04
2.089135078390696343e+00 8.263224945185636792e-04
2.095424699602885799e+00 8.591111785399280351e-04
2.101708259047597949e+00 8.938381659188563344e-04
2.107987807301212158e+00 9.234008963992037817e-04
2.114274337075186416e+00 9.616896067884576427e-04
2.120555211422834319e+00 1.004915091155031111e-03
2.126838540980260372e+00 1.033735350376652424e-03
2.133123767198004117e+00 1.084164251806966645e-03
2.139413031894335848e+00 1.122606588327598829e-03
2.145698041890389263e+00 1.171177312043401126e-03
2.151974340624452253e+00 1.224419443692283246e-03
2.158260630891077003e+00 1.260082346926349236e-03
2.164546658731809625e+00 1.322652196360688025e-03
2.170832823837292480e+00 1.368591113962871857e-03
2.177115967197242430e+00 1.432912351253771673e-03
2.183389032615354441e+00 1.484766195482675830e-03
2.189670975244353279e+00 1.541831250302726480e-03
2.195960831894089527e+00 1.610634899254742829e-03
2.202245817416866203e+00 1.669052945477129393e-03
2.208524601220368755e+00 1.740491722625665512e-03
2.214805589383115780e+00 1.805736432887345170e-03
2.221093631642824917e+00 1.884336073156447173e-03
2.227374275520719316e+00 1.960173684343121617e-03
2.233658333286540287e+00 2.029405069713658208e-03
2.239946072329966231e+00 2.116129869080722332e-03
2.246226850917138140e+00 2.187105840041057934e-03
2.252506781988718565e+00 2.284779236442914963e-03
2.258783643789477491e+00 2.370490835537360924e-03
2.265069381259946724e+00 2.451759308114112752e-03
2.271351266578538919e+00 2.553010285033445719e-03
2.277635010148555850e+00 2.654093328724552951e-03
2.283922963308533394e+00 2.773524842577681972e-03
2.290204538958168001e+00 2.859714515020628754e-03
2.296492854789115245e+00 2.970154098310134796e-03
2.302773836462560286e+00 3.088417404526689475e-03
2.309052848528886148e+00 3.206963648274098640e-03
2.315340397783157922e+00 3.325544841750202249e-03
2.321629550362612981e+00 3.440573133239960019e-03
2.327914834812394584e+00 3.582129229044783876e-03
2.334189028016975698e+00 3.705729167418905616e-03
2.340468735514670495e+00 3.861512873111828600e-03
2.346757573269963704e+00 3.984431024909904084e-03
2.353046701279460251e+00 4.138415789705807146e-03
2.359329919851476554e+00 4.297681135112370321e-03
2.365603805485394950e+00 4.473642217058124843e-03
2.371887442159951398e+00 4.596521616214335748e-03
2.378175480496420580e+00 4.777239482714634722e-03
2.384455602231496218e+00 4.936985097481021156e-03
2.390737631861327372e+00 5.115047954330499344e-03
2.397015688929587718e+00 5.311697869899620859e-03
2.403297559533717376e+00 5.504124750595527568e-03
2.409586419743307228e+00 5.702351198465438128e-03
2.415875314660682172e+00 5.884143289048309258e-03
2.422164535679191655e+00 6.072426501860641278e-03
2.428442137972055104e+00 6.327728404785360090e-03
2.434719213815070837e+00 6.517212321646726272e-03
2.441002915255427563e+00 6.733367157943473923e-03
2.447292244015294216e+00 7.001266380158905137e-03
2.453574548397714494e+00 7.273541953541406979e-03
2.459853950840888093e+00 7.479857022125717403e-03
2.466141393364139400e+00 7.718176213103323385e-03
2.472424340910468477e+00 7.990812103604002029e-03
2.478699559716526224e+00 8.265247164610321773e-03
2.484981956405843295e+00 8.585943287895679912e-03
2.491271774374293368e+00 8.792633612682131811e-03
2.497550925125272325e+00 9.159116898041851085e-03
2.503833126215876170e+00 9.436301036495035530e-03
2.510118697329297710e+00 9.767172387988819204e-03
2.516402124721602629e+00 1.012439079193372740e-02
2.522689938852853420e+00 1.044516786555679984e-02
2.528973288009538134e+00 1.080953680366685682e-02
2.535253600549877362e+00 1.117183014095626988e-02
2.541538941914911476e+00 1.154463562702564942e-02
2.547825021627405206e+00 1.188748552413946939e-02
2.554103008122937002e+00 1.238307570421515354e-02
2.560378237915397648e+00 1.266137323939441929e-02
2.566669017775174755e+00 1.312601592842633537e-02
2.572956571054420216e+00 1.354609408267811593e-02
2.579236104287966125e+00 1.404884613366564304e-02
2.585522655546601989e+00 1.449059136890118622e-02
2.591808172184224546e+00 1.501713499680682427e-02
2.598087543498381002e+00 1.539060113112836019e-02
2.604361437550918978e+00 1.601679191940008629e-02
2.610647591905687293e+00 1.645783075876466536e-02
2.616933270352379548e+00 1.693311930137617050e-02
2.623207934884185466e+00 1.773139681693210873e-02
2.629492944384940412e+00 1.815741026028191291e-02
2.635779602277390499e+00 1.886513658992488088e-02
2.642061794567720945e+00 1.942465329938336885e-02
2.648344685049869529e+00 2.015634128281589346e-02
2.654633852395646088e+00 2.077867051247756988e-02
2.660920832685793602e+00 2.161614149456560566e-02
2.667200003651473139e+00 2.236491289614419772e-02
2.673485665061926309e+00 2.299801955552408309e-02
2.679774189917022653e+00 2.375874901559809141e-02
2.686059197445316293e+00 2.442945736227523229e-02
2.692340742040600254e+00 2.540387186711084641e-02
2.698619785325931719e+00 2.620353994131948902e-02
2.704896067289608741e+00 2.714387818021497811e-02
2.711176296267862273e+00 2.802224171415822543e-02
2.717460477624493720e+00 2.892574674645343943e-02
2.723746785600710485e+00 3.002971149867444955e-02
2.730040839622854598e+00 3.088747159227108255e-02
2.736320462271965681e+00 3.196629206684222652e-02
2.742593167856604897e+00 3.333500727246369033e-02
2.748880654965284887e+00 3.442883765094593290e-02
2.755164406907204988e+00 3.588454416180261036e-02
2.761447966179410241e+00 3.699489214931248049e-02
2.767734949986044413e+00 3.821901456659265728e-02
2.774018204230510154e+00 3.931718081629136108e-02
2.780299459131881701e+00 4.091333482580288006e-02
2.786578380850841974e+00 4.273579236482781540e-02
2.792858749059577761e+00 4.389123003230935294e-02
2.799144688897090116e+00 4.575355851792820699e-02
2.805431744286055018e+00 4.749653575352042606e-02
2.811716466586489993e+00 4.904249938999472036e-02
2.817990514261363710e+00 5.130839144396142498e-02
2.824271178017407902e+00 5.249996443121340145e-02
2.830565310473360352e+00 5.464082788072004843e-02
2.836850361681537702e+00 5.708701522504724263e-02
2.843131259198828698e+00 5.972059084481201596e-02
2.849415373186487965e+00 6.223898218747799665e-02
2.855698064670956882e+00 6.389196295873972309e-02
2.861978975302818640e+00 6.667893803287444632e-02
2.868263635614905827e+00 6.889552324822507956e-02
2.874548572895146759e+00 7.238833342138129012e-02
2.880833509046437424e+00 7.562696827776949071e-02
2.887115914775806313e+00 7.791514607307667428e-02
2.893396211301912935e+00 8.201135506638619621e-02
2.899675259048415388e+00 8.526346390629611915e-02
2.905955807169823046e+00 8.849953237625628188e-02
2.912242784565592046e+00 9.270927152532217053e-02
2.918528489082492516e+00 9.715156597881009770e-02
2.924812236943901578e+00 1.013324617915392217e-01
2.931097264553834236e+00 1.055138701351584496e-01
2.937379046647154990e+00 1.119700392691048846e-01
2.943662417245681340e+00 1.168119618478958704e-01
2.949948997849719756e+00 1.221159302422090420e-01
2.956228453902073561e+00 1.287383125191767785e-01
2.962510840116227673e+00 1.351164708749555965e-01
2.968797192440125965e+00 1.418713523785951058e-01
2.975078489423049533e+00 1.483380913105565857e-01
2.981360447198230457e+00 1.564895315544668208e-01
2.987647323528414223e+00 1.668394091928653289e-01
2.993932064934300641e+00 1.726320272102215558e-01
3.000209551562139421e+00 1.824836056014843277e-01
3.006487470944601892e+00 1.902754071017055681e-01
3.012770586989486521e+00 2.039463679188483203e-01
3.019055028984091837e+00 2.169389688112992043e-01
3.025339593109035885e+00 2.278766999642040658e-01
3.031624651041083141e+00 2.452045100572490532e-01
3.037909525040372927e+00 2.579822073356299872e-01
3.044196264475506730e+00 2.759264706480897833e-01
3.050477886447245712e+00 2.962109350992823131e-01
3.056756711732924625e+00 3.130548244654534629e-01
3.063041213115731409e+00 3.342192154450578934e-01
3.069324013399330031e+00 3.614096751778702044e-01
3.075611272807551533e+00 3.807177218177250078e-01
3.081895489281643030e+00 4.109692922438728524e-01
3.088176199887292306e+00 4.536251034079712974e-01
3.094459112917897325e+00 4.801306704397325653e-01
3.100744234350492956e+00 5.359118064640672197e-01
3.107029324214496846e+00 5.738011019741666718e-01
3.113310425776543600e+00 6.256849102136142760e-01
3.119592029507459507e+00 6.556494541432492662e-01
3.125875559417674587e+00 7.170301352338125378e-01
3.132160147770352676e+00 7.676058278974279281e-01
3.138440210879888337e+00 9.081392703751749451e-01
3.144724491651683440e+00 9.753259056762249024e-01
3.151004924765398840e+00 1.135680629981351997e+00
3.157285342196649136e+00 1.231302890496750235e+00
3.163570603826113992e+00 1.380560048301992859e+00
3.169852350185627277e+00 1.571218796577819488e+00
3.176138770387999966e+00 1.820354882248617079e+00
3.182422419512343836e+00 1.999240711657570779e+00
3.188703671424619746e+00 2.375454418689595837e+00
3.194991280550246948e+00 2.721717114512876456e+00
3.201276738120839127e+00 3.424072665816537686e+00
3.207553033218304872e+00 4.351028336324308299e+00
3.213836161597863672e+00 2.778663143691010973e+00
3.220123259784395398e+00 2.112198648257954574e+03
3.226407551420531483e+00 3.642874594086558115e+00
3.232689305629245613e+00 4.172000002407328267e+00
3.238971071582136041e+00 3.336041280255299668e+00
3.245255685894246067e+00 2.814417305183853912e+00
3.251535715250951863e+00 2.449144007906768561e+00
3.257819502328903827e+00 2.100799961641620417e+00
3.264103492610594071e+00 1.879358370713116511e+00
3.270384810144397303e+00 1.628884940266966952e+00
3.276670428022039783e+00 1.501816930750059065e+00
3.282955566270326919e+00 1.361444560443726415e+00
3.289237716703969916e+00 1.213140789212309389e+00
3.295520653962330293e+00 1.089077778439826449e+00
3.301807644101458550e+00 9.658396387382895965e-01
3.308089302529158449e+00 9.004552763518541836e-01
3.314368987794545252e+00 8.010292830631317029e-01
3.320652691368451315e+00 7.558356468375266868e-01
3.326932422871479833e+00 6.827691270693510006e-01
3.333218115701501727e+00 6.305806364152429788e-01
3.339505861603602188e+00 5.890321980953240333e-01
3.345788344868127595e+00 5.569408240198613358e-01
3.352073190624765164e+00 5.123860549608368897e-01
3.358352694183646125e+00 4.806849519079524069e-01
3.364631227903127186e+00 4.505535486353282049e-01
3.370918965384773536e+00 4.154310420010730587e-01
3.377201513381668629e+00 3.998558980401030194e-01
3.383485934595764633e+00 3.740787840936172226e-01
3.389772491671652066e+00 3.512857305008766362e-01
3.396053991719500509e+00 3.335948559066264640e-01
3.402334005192525712e+00 3.145916042945934299e-01
3.408611853508482170e+00 3.010754191759983933e-01
3.414897839864825535e+00 2.855951029081487680e-01
3.421181285155862728e+00 2.684976564496388551e-01
3.427465364374100876e+00 2.569529748469397967e-01
3.433754096688785840e+00 2.458123584277148721e-01
3.440035356242748144e+00 2.353247452337920154e-01
3.446315808169163386e+00 2.234004018422841853e-01
3.452602963757077426e+00 2.121576511907612983e-01
3.458885619127623823e+00 2.047796146620348701e-01
3.465165758924614980e+00 1.945947615816385479e-01
3.471451503231973046e+00 1.862647643569519396e-01
3.477736678957558336e+00 1.807813373535315515e-01
3.484022358005950615e+00 1.733722411184447088e-01
3.490300354914448899e+00 1.640676303991658869e-01
3.496585015994501777e+00 1.608002875795079278e-01
3.502870831105572069e+00 1.541043443959584924e-01
3.509147722814735637e+00 1.486559434415340164e-01
3.515429662141086098e+00 1.430915348660059816e-01
3.521712008697834850e+00 1.376088157442045545e-01
3.527993736944767811e+00 1.335588892624700319e-01
3.534279159635547618e+00 1.293718580032398591e-01
3.540566564128809546e+00 1.238063417400704080e-01
3.546847878650843722e+00 1.215216137438138028e-01
3.553133555247947939e+00 1.181316443912849012e-01
3.559420214763478363e+00 1.137100981940440542e-01
3.565699480408631494e+00 1.107836703860336225e-01
3.571981368517234134e+00 1.076752966837705716e-01
3.578268698423837879e+00 1.036082895056085473e-01
3.584550774530670392e+00 1.012598826022135523e-01
3.590828935987784298e+00 9.861253761041774424e-02
3.597110718088889492e+00 9.566391895152696889e-02
3.603396512424406506e+00 9.377252874613611899e-02
3.609676747082802173e+00 9.069000600041451920e-02
3.615957977992316330e+00 8.918539789195363554e-02
3.622243580426721010e+00 8.613229901860927629e-02
3.628522628462809596e+00 8.476682801082957575e-02
3.634808120005133425e+00 8.229725420000380542e-02
3.641096965386622752e+00 8.096980147705842845e-02
3.647384913781243299e+00 7.887797207425159551e-02
3.653666753133836043e+00 7.726757130804273732e-02
3.659947726352769770e+00 7.604658036139015642e-02
3.666234893709818365e+00 7.420713989510202557e-02
3.672516996003137191e+00 7.316499828854401699e-02
3.678797940623468765e+00 7.133842411652444038e-02
3.685082198750683435e+00 7.002162033284997644e-02
3.691363013935667237e+00 6.898260396510011438e-02
3.697646206996081375e+00 6.741617529103539896e-02
3.703928900991629636e+00 6.693605922679125853e-02
3.710211472841704605e+00 6.573875538640222560e-02
3.716497167052446926e+00 6.474180221323354301e-02
3.722777172938726675e+00 6.399442397820954975e-02
3.729061287240359235e+00 6.228700449680840689e-02
3.735344545777875336e+00 6.219059447775367871e-02
3.741626449543836941e+00 6.112323303505064198e-02
3.747909505093512728e+00 6.048463722350874011e-02
3.754193016198873689e+00 5.987380714132076870e-02
3.760479637558913790e+00 5.930440919249181653e-02
3.766759446133269851e+00 5.874508236042268183e-02
3.773037643559592702e+00 5.774438169268823057e-02
3.779325182447645037e+00 5.766397215839385443e-02
3.785611241998332765e+00 5.707723468879821044e-02
3.791893886399857028e+00 5.662481143090518365e-02
3.798178379008452232e+00 5.646750981959824250e-02
3.804460597007844669e+00 5.595869639855796662e-02
3.810741293786842121e+00 5.634210449279835470e-02
3.817024656157668172e+00 5.552518744081865604e-02
3.823308984901775620e+00 5.546904927300641552e-02
3.829591178579501598e+00 5.542192139240251225e-02
3.835873668636422096e+00 5.498204824800594775e-02
3.842161045612500381e+00 5.548089190751076538e-02
3.848445733590433626e+00 5.471323100750333929e-02
3.854726100441019820e+00 5.557334334910744161e-02
3.861008152561713036e+00 5.514393651182177697e-02
3.867288667520160317e+00 5.501127478126911080e-02
3.873571407143857837e+00 5.558786716651104021e-02
3.879855154507281689e+00 5.533427829024566841e-02
3.886140680133453706e+00 5.618900150150149542e-02
3.892423554426630350e+00 5.592346363051087926e-02
3.898707135643554089e+00 5.660267773978105293e-02
3.904992757440263862e+00 5.703798284136937791e-02
3.911274451483945036e+00 5.684917213723714169e-02
3.917556732333046021e+00 5.817276624765597287e-02
3.923841166575323225e+00 5.767249064149886084e-02
3.930124816016721478e+00 5.925287427293228493e-02
3.936403665333011226e+00 5.927611006117262243e-02
3.942687802723190860e+00 5.968238521433906485e-02
3.948975148759096498e+00 6.122327470582806380e-02
3.955262046498601247e+00 6.051469208074708450e-02
3.961543413939611291e+00 6.322711514925663523e-02
3.967823997647459411e+00 6.275794997448592982e-02
3.974109649109424769e+00 6.421166750383291988e-02
3.980390315513306465e+00 6.554347182682994377e-02
3.986670633178865497e+00 6.508381434437858493e-02
3.992954341574337374e+00 6.840821898193799599e-02
3.999239437674898312e+00 6.759852810267172329e-02
4.005522652480014045e+00 7.017533557802332900e-02
4.011802048177673718e+00 7.120457853951508986e-02
4.018085141715408426e+00 7.157031920194750763e-02
4.024369535233901729e+00 7.494490201026975107e-02
4.030649783293330124e+00 7.376711027149028543e-02
4.036932679129111357e+00 7.819254618833665349e-02
4.043220418290019325e+00 7.827053806061289032e-02
4.049507661662086200e+00 8.017503484792083690e-02
4.055788045907045891e+00 8.301841761786259155e-02
4.062067059164522043e+00 8.200676033337946091e-02
4.068352854787344874e+00 8.881500724571225747e-02
4.074635659509510788e+00 8.758935373917592360e-02
4.080917054045270831e+00 9.147087104786684464e-02
4.087205686088069889e+00 9.326153549436343171e-02
4.093490301644573393e+00 9.412205871810386260e-02
4.099770438207295697e+00 1.010288876924157891e-01
4.106052527015961573e+00 9.958864695226586627e-02
4.112336138144955910e+00 1.059011682326302800e-01
4.118621532583603972e+00 1.065715109071572880e-01
4.124903585067976941e+00 1.101745887489263831e-01
4.131182712642240240e+00 1.157344984331961368e-01
4.137468630000815217e+00 1.134754864651725675e-01
4.143753536347550614e+00 1.259902524264169543e-01
4.150036722937140432e+00 1.235910345592268894e-01
4.156319556835904372e+00 1.299112460913423306e-01
4.162601167118149981e+00 1.352697319918784447e-01
4.168887134570721464e+00 1.338090350114460314e-01
4.175169561765874171e+00 1.487687844641140400e-01
4.181452242899395877e+00 1.450093289109513350e-01
4.187739255360579449e+00 1.578536498723740744e-01
4.194021594670000574e+00 1.595194115874560281e-01
4.200300760695198754e+00 1.629349219054312126e-01
4.206583573312412838e+00 1.765378595777074566e-01
4.212864548425995892e+00 1.704065712106643815e-01
4.219147128485455589e+00 1.957903734468224299e-01
4.225433661438403377e+00 1.899793275767751310e-01
4.231718368477329406e+00 2.033953214730698233e-01
4.237998895475036498e+00 2.126675187222946406e-01
4.244279597466258380e+00 2.056986002703527772e-01
4.250566280105218198e+00 2.452910939572813254e-01
4.256851587952112936e+00 2.281311514361082926e-01
4.263132860899111698e+00 2.561981850724587839e-01
4.269414568915884445e+00 2.621096710227721061e-01
4.275698115740782512e+00 2.622652271240307753e-01
4.281980156021848671e+00 3.036658734977532581e-01
4.288263338818810944e+00 2.798057969662391953e-01
4.294548516739729926e+00 3.380621684341102995e-01
4.300830910891001224e+00 3.221396820275823636e-01
4.307114686814344395e+00 3.479592547314995232e-01
4.313397714262970695e+00 3.784157025854495426e-01
4.319680042548951882e+00 3.459289494124907494e-01
4.325962677260454470e+00 4.535344918784854351e-01
4.332247955255882133e+00 4.061361087162844719e-01
4.338534851577296791e+00 4.774078653647079173e-01
4.344817821624197940e+00 4.765682902745602134e-01
4.351099303949236052e+00 4.708114972418442901e-01
4.357383544198474290e+00 6.006811997883021448e-01
4.363669160634735533e+00 5.154623926396365574e-01
4.369952160826413134e+00 6.798013097427000329e-01
4.376231841677308942e+00 6.179027275360738924e-01
4.382510196913425915e+00 6.999971361334855757e-01
4.388795959382868261e+00 7.835543568672924675e-01
4.395079843903230810e+00 6.608788590764619331e-01
4.401360933733665881e+00 1.010388595936182465e+00
4.407643714302012405e+00 8.100197443742278569e-01
4.413926461136920665e+00 1.108234377853244190e+00
4.420212544897195173e+00 1.037182811334381727e+00
4.426495749838379012e+00 9.952060611801577528e-01
4.432779159072235409e+00 1.540748056449884995e+00
4.439059915458222427e+00 1.111636508362063180e+00
4.445341878237662137e+00 1.814026322272907388e+00
4.451628428868033005e+00 1.395980542892736986e+00
4.457914551035861095e+00 1.900023282725260332e+00
4.464200235517868265e+00 2.037850718168539910e+00
4.470482182628605194e+00 1.672032446007726714e+00
4.476764673345638990e+00 3.276252643151718047e+00
4.483049464187839561e+00 2.126156207121804531e+00
4.489333155731497271e+00 4.047800583126384133e+00
4.495613345822325080e+00 2.886826674694643824e+00
4.501892119142445026e+00 2.824299741861915347e+00
4.508175121787952655e+00 6.125442807533325151e+00
4.514460900366407792e+00 3.709687376367302836e+00
4.520742053546796591e+00 8.752316933920011977e+00
4.527023810359859013e+00 5.598679991809721201e+00
4.533308960469576654e+00 1.127847710122797409e+01
4.539592363903683037e+00 7.060557610739802925e+00
4.545874919538348990e+00 5.187345906388920014e+00
4.552157687156885402e+00 2.460750097433724477e+03
4.558443781612104395e+00 6.961395687185515158e+00
4.564727638565654111e+00 1.284091106024773765e+01
4.571009437592583602e+00 5.433945644019793519e+00
4.577294624203679163e+00 4.508853591520711745e+00
4.583578089646453968e+00 7.669860048718486922e+00
4.589862179487309568e+00 3.519370110291520248e+00
4.596143999485379439e+00 5.557458877556094023e+00
4.602425263016355572e+00 2.988506306010893177e+00
4.608712017363744806e+00 3.262931095652914504e+00
4.614996038799121791e+00 3.423305238782047066e+00
4.621277296175202665e+00 2.063257900469112283e+00
4.627559936726636458e+00 3.045794433939533086e+00
4.633841741478233800e+00 1.781422042644190240e+00
4.640122475394416135e+00 2.114181770067678379e+00
4.646404355152583321e+00 1.833460241045153483e+00
4.652690604636823046e+00 1.342892921489261537e+00
4.658976230417983366e+00 1.902063897576836693e+00
4.665257901055365863e+00 1.240277056832266966e+00
4.671540647875587204e+00 1.452142237895565735e+00
4.677823961431464284e+00 1.209871616857951526e+00
4.684108235097336426e+00 9.470391762918820566e-01
4.690391798870516382e+00 1.301856573539042827e+00
4.696675467203847987e+00 8.754835633317396004e-01
4.702958737792436672e+00 1.024549161983388856e+00
4.709239588303709922e+00 8.516805848706270332e-01
4.715521529300301218e+00 7.873238272341123167e-01
4.721804241650856326e+00 8.522984966950963859e-01
4.728088995851720711e+00 6.652502055654798685e-01
4.734372372593826483e+00 7.832886393016343929e-01
4.740653441478511532e+00 6.322986489225629336e-01
4.746937690136521226e+00 6.323826710574623755e-01
4.753220866740556438e+00 6.219433702429670863e-01
4.759499584445610942e+00 5.156699241265219058e-01
4.765784674643524177e+00 5.969736203626706539e-01
4.772072066667437440e+00 4.959275012092467239e-01
4.778354574712954772e+00 5.056568581972550325e-01
4.784639688699459548e+00 4.758949956882539412e-01
4.790924571112255670e+00 4.285899960792469154e-01
4.797207630427470448e+00 4.665543525614462839e-01
4.803491281906666188e+00 3.932975532920126582e-01
4.809774797188141271e+00 4.174006323243307781e-01
4.816055012942697999e+00 3.791133697588774387e-01
4.822335756210613056e+00 3.601264592937162834e-01
4.828618372965728156e+00 3.663844427922283709e-01
4.834902420031529147e+00 3.248572604538650377e-01
4.841185408631580422e+00 3.479551274244661596e-01
4.847466912745727718e+00 3.121342091860264678e-01
4.853753607692918415e+00 3.078301979047758929e-01
4.860040654770696023e+00 3.017614006334948251e-01
4.866322071713594433e+00 2.754251004025666250e-01
4.872604241020684235e+00 2.929930304598146185e-01
4.878889019589767173e+00 2.630313796255191461e-01
4.885169833709484877e+00 2.655275163032213559e-01
4.891451276335970988e+00 2.535246381927377946e-01
4.897735676523086390e+00 2.412000787339930175e-01
4.904020888466774863e+00 2.452214388067606166e-01
4.910302466098539043e+00 2.257659745006856122e-01
4.916582728670469749e+00 2.320015534332421636e-01
4.922870405746558653e+00 2.189133316267619644e-01
4.929152603204811633e+00 2.144811084964149406e-01
4.935433400905724355e+00 2.125897352183202804e-01
4.941720002621369012e+00 1.980472873201161998e-01
4.948000629162284447e+00 2.057811504604065422e-01
4.954284600437537378e+00 1.927689774108949927e-01
4.960568964118362345e+00 1.921134776762923324e-01
4.966849452054189484e+00 1.870361530069228895e-01
4.973133312553746244e+00 1.804572837420924114e-01
4.979416667731975110e+00 1.836089950756515099e-01
4.985701847394269137e+00 1.733012243721521461e-01
4.991986126907685062e+00 1.747345959585130670e-01
4.998266089552569014e+00 1.706974149636929228e-01
5.004548850075229538e+00 1.664024748985152291e-01
5.010834613416704109e+00 1.666993721546069229e-01
5.017114133618883365e+00 1.592860692508797915e-01
5.023396754503464123e+00 1.634563006148001818e-01
5.029682555385535103e+00 1.576767411758415449e-01
5.035962952494468681e+00 1.559968141823067922e-01
5.042248916723991670e+00 1.560919503827453703e-01
5.048534518437475249e+00 1.518953159159838751e-01
5.054817055058077102e+00 1.544397568540639976e-01
5.061103124450734292e+00 1.483945817182769911e-01
5.067385418511126005e+00 1.514362989499957457e-01
5.073665350133166108e+00 1.496480813020073797e-01
5.079944158568527435e+00 1.463966461950529097e-01
5.086229157971559722e+00 1.476845640592353570e-01
5.092516081670024342e+00 1.461412863009648178e-01
5.098799062815714933e+00 1.488227100497793998e-01
5.105081564999609967e+00 1.459111060670455207e-01
5.111362075909486435e+00 1.458516148099980869e-01
5.117646708276604173e+00 1.482697822664858778e-01
5.123931579419740423e+00 1.456268932318360299e-01
5.130214175713612157e+00 1.479936860426804002e-01
5.136495802354272833e+00 1.485657329113607428e-01
5.142780182582010973e+00 1.508233693780972051e-01
5.149064547742418618e+00 1.501755818745051929e-01
5.155344632471284605e+00 1.489759232564525082e-01
5.161628512901673460e+00 1.562148767511732372e-01
5.167914708882204167e+00 1.548013628887158488e-01
5.174198770587969065e+00 1.559055937364336730e-01
5.180481984271699147e+00 1.566662081899056480e-01
5.186765863297754464e+00 1.630865260037044906e-01
5.193047702705746893e+00 1.646469188065526890e-01
5.199327701301567295e+00 1.640997985373842116e-01
5.205610051315074038e+00 1.685588169857540342e-01
5.211893783792568513e+00 1.741901261235747900e-01
5.218178654991308285e+00 1.768012251516882516e-01
5.224460565579556182e+00 1.764506765425545576e-01
5.230741351715697540e+00 1.849672665079797051e-01
5.237027120177700112e+00 1.922815719603803986e-01
5.243314739467697549e+00 1.922438442047779972e-01
5.249595278023606149e+00 1.937037445047073148e-01
5.255875849079584938e+00 2.094492504364773022e-01
5.262158673469957471e+00 2.120085119270543050e-01
5.268439395112831214e+00 2.143816376806706447e-01
5.274722108206590931e+00 2.183971120882506334e-01
5.281007345641278938e+00 2.373755846314949958e-01
5.287293380248259567e+00 2.407262526216225051e-01
5.293576735145029133e+00 2.421120968431225706e-01
5.299860851423467523e+00 2.541327261605960119e-01
5.306144493245258609e+00 2.756662397717191682e-01
5.312427159026070100e+00 2.791977798529172716e-01
5.318710177455853838e+00 2.748576009849589274e-01
5.324993165098304893e+00 3.091394425681849301e-01
5.331278074387978627e+00 3.251858107398861719e-01
5.337561778582737837e+00 3.275635712319023840e-01
5.343844392417137712e+00 3.244306322927863473e-01
5.350127046241198059e+00 3.772025105034403913e-01
5.356410632573585850e+00 3.899395035919400176e-01
5.362696075374680404e+00 3.918767218721302403e-01
5.368977622023428431e+00 3.994235833788117862e-01
5.375259264787404234e+00 4.661705202312138585e-01
5.381542175673222239e+00 4.860996863412062052e-01
5.387824976115930475e+00 4.668315463528276421e-01
5.394108529100064331e+00 5.228076609467242619e-01
5.400390002504265929e+00 5.954127319801825191e-01
5.406673750202084960e+00 6.000546085324703904e-01
5.412955699794467890e+00 5.554744102661486327e-01
5.419237955148318520e+00 7.009359279973466084e-01
5.425523090525197212e+00 7.687351282039790457e-01
5.431805715860540396e+00 7.818010353934471413e-01
5.438090831113179924e+00 6.948407061785208949e-01
5.444374481405862554e+00 9.812317019836815923e-01
5.450656385985535479e+00 1.047906660706680926e+00
5.456941012042004324e+00 1.054823250172379989e+00
5.463223574256159232e+00 9.760733632874127874e-01
5.469506233746614043e+00 1.381246419972160133e+00
5.475791313392783799e+00 1.472415098892113416e+00
5.482076520806099751e+00 1.379856080072467961e+00
5.488361758921633360e+00 1.453056670673026796e+00
5.494642978338553085e+00 2.062005162444517925e+00
5.500922328851260090e+00 2.307581898182781810e+00
5.507204020884158169e+00 1.660573874402438532e+00
5.513487086383534574e+00 2.736485365589120811e+00
5.519772673170036725e+00 3.355617965364618094e+00
5.526055063335959083e+00 3.585114159160184943e+00
5.532333106276354329e+00 2.525153105546959598e+00
5.538615491667449930e+00 4.798396369861850808e+00
5.544903720115636148e+00 5.970323946360387879e+00
5.551187288815954801e+00 7.195156887254697153e+00
5.557470531467981090e+00 4.387471132097449100e+00
5.563755611658447897e+00 8.247124379459068066e+00
5.570037554875349350e+00 1.272346134303975532e+03
5.576319117887759802e+00 7.267972503158320663e+00
5.582602002155147680e+00 4.905504087369191524e+00
5.588888631490213754e+00 7.911167797844353977e+00
5.595175275496153233e+00 6.373095096529691084e+00
5.601458712915984961e+00 2.965960147165808802e+00
5.607739290868620330e+00 4.915727853081731880e+00
5.614020862542647983e+00 4.110358417002369258e+00
5.620301751604071860e+00 3.455945863683388630e+00
5.626585003660349749e+00 1.946045389055421015e+00
5.632870193703824135e+00 3.001295215446414755e+00
5.639149634200363970e+00 2.560168618700559229e+00
5.645432108629827361e+00 1.992469088254965159e+00
5.651717488754057328e+00 1.516493779442816825e+00
5.658002094958268557e+00 1.882861651419500459e+00
5.664286976960462461e+00 1.608033251569958466e+00
5.670566925585673879e+00 1.170714099640089767e+00
5.676852042208761162e+00 1.296115372614381700e+00
5.683137388589912575e+00 1.291756469243538596e+00
5.689418158699685257e+00 1.119463118499246290e+00
5.695702068056029077e+00 8.505147530117249666e-01
5.701985967982890813e+00 1.067099286064964181e+00
5.708271056387263620e+00 9.449384600025670933e-01
5.714552979709825564e+00 8.096958182227880219e-01
5.720831601415190093e+00 7.096967621916024926e-01
5.727115355927898221e+00 7.943981737323960735e-01
5.733398957275753105e+00 7.150437144850294580e-01
5.739684091351107575e+00 6.055985014064787508e-01
5.745967659604392708e+00 6.096650994737715656e-01
5.752250391047120992e+00 6.110225706695269210e-01
5.758534671789668380e+00 5.584354968074092262e-01
5.764815058099513223e+00 4.796850780149191640e-01
5.771097431484660589e+00 5.279717333704702087e-01
5.777380386878713026e+00 4.919845843200760238e-01
5.783664936364128373e+00 4.495077798751052067e-01
5.789947151929451863e+00 4.098957554647670865e-01
5.796231493774793186e+00 4.350916232787184756e-01
5.802516691340624533e+00 4.052264524732938078e-01
5.808797995112186641e+00 3.708931813199594640e-01
5.815082184083208539e+00 3.611586283975001255e-01
5.821365271507954020e+00 3.666806989320634536e-01
5.827645525290467532e+00 3.401282089242886331e-01
5.833928171908906890e+00 3.127163404084894460e-01
5.840215967589452717e+00 3.196428752158739228e-01
5.846501812893647454e+00 3.113643947207315188e-01
5.852781909673957728e+00 2.920288354363494432e-01
5.859063783293738226e+00 2.721655957105169610e-01
5.865349571500913406e+00 2.843186679166777031e-01
5.871632939480924129e+00 2.697150929954507670e-01
5.877914823986006176e+00 2.549909823018583488e-01
5.884196626054889023e+00 2.483799448722191494e-01
5.890479074317132913e+00 2.527891437286458598e-01
5.896763574100915228e+00 2.386880493800734859e-01
5.903046036848450306e+00 2.274347472047393015e-01
5.909328377713869429e+00 2.266325276503892150e-01
5.915613028288355224e+00 2.256031337710952545e-01
5.921894409622731281e+00 2.154723469715203454e-01
5.928177134794152536e+00 2.083013756252740656e-01
5.934464774883918992e+00 2.106964656019290061e-01
5.940751250578068188e+00 2.058558984535340530e-01
5.947033452245725549e+00 1.991071639741517352e-01
5.953312775740306151e+00 1.920778227089884882e-01
5.959594106507988265e+00 1.956093191549986288e-01
5.965876424548630652e+00 1.909915505269380587e-01
5.972161112468720390e+00 1.859043731930382359e-01
5.978446099492319199e+00 1.831234847655274223e-01
5.984727467931779010e+00 1.844750439009729404e-01
5.991012985181142447e+00 1.792639037608443897e-01
5.997297612744741713e+00 1.763518519166032139e-01
6.003577416164464609e+00 1.764054225567858458e-01
6.009860806138807909e+00 1.756023604195466326e-01
6.016144510375737831e+00 1.740357011487908001e-01
6.022426254013592661e+00 1.711237415386834271e-01
6.028706803290871719e+00 1.729980941145066453e-01
6.034987951204773715e+00 1.714088145259072271e-01
6.041274067685003857e+00 1.689311492233309953e-01
6.047558134944117647e+00 1.689517307430656035e-01
6.053840825089524813e+00 1.709314877536101396e-01
6.060125328398456190e+00 1.705361907604656946e-01
6.066409969294784155e+00 1.694341816842269421e-01
6.072694327029352301e+00 1.696153418535087665e-01
6.078974651295977694e+00 1.716814048218955058e-01
6.085257277597498238e+00 1.715693642280020359e-01
6.091541245232643398e+00 1.725865266173780277e-01
6.097826243439735450e+00 1.746447051977982889e-01
6.104111770776667889e+00 1.758683667151769991e-01
6.110396747466277034e+00 1.768614862961340184e-01
6.116679071538609236e+00 1.766816037612975732e-01
6.122958529493147672e+00 1.816286541505187091e-01
6.129240445810509641e+00 1.819495988704051548e-01
6.135524780557309654e+00 1.849927938588127041e-01
6.141807474577858805e+00 1.866975389040355648e-01
6.148089386189230510e+00 1.916727703273506667e-01
6.154375713159891070e+00 1.952740787837792813e-01
6.160661139581105950e+00 1.998354774333453154e-01
6.166941022971138331e+00 2.006980083924862213e-01
6.173222562097184785e+00 2.060072809532005056e-01
6.179507647741183440e+00 2.120160307093419960e-01
6.185789356936125749e+00 2.153273527976352075e-01
6.192072249861043431e+00 2.196551807692861957e-01
6.198356783359496802e+00 2.268382625420656551e-01
6.204641274559973496e+00 2.343010482604291900e-01
6.210924271106035732e+00 2.396802504414258239e-01
6.217206768102415460e+00 2.464375145157560176e-01
6.223486202302879633e+00 2.524968987995914182e-01
6.229767722260432627e+00 2.637486434953783543e-01
6.236054214854060085e+00 2.687068289037848889e-01
6.242340046436461343e+00 2.771098721304264823e-01
6.248623268972994360e+00 2.906357274978161320e-01
6.254906079998900026e+00 2.959784597919378202e-01
6.261190798611801611e+00 3.104287156411290050e-01
6.267470893840453527e+00 3.259639163205843015e-01
6.273752395561465356e+00 3.404046445676019439e-01
6.280038415116336203e+00 3.584954652314778500e-01
6.286322359143823313e+00 3.685052234633983681e-01
6.292605930180390494e+00 3.819875736987780601e-01
6.298890629102372074e+00 3.949505931216226728e-01
6.305171573266470375e+00 4.229746632400895323e-01
6.311455101240412091e+00 4.330239216911158651e-01
6.317739752668598996e+00 4.673749909652513135e-01
6.324019791664828638e+00 4.815875499888455646e-01
6.330300090404453961e+00 5.172108522402467656e-01
6.336582976227302488e+00 5.452614837976345052e-01
6.342866512790590328e+00 5.603334333508950271e-01
6.349149664171966911e+00 5.932022707221078495e-01
6.355436214245748339e+00 6.518966838790769547e-01
6.361722100221464338e+00 6.646479532857284545e-01
6.368004157429771439e+00 7.373915119272939078e-01
6.374285543992137093e+00 7.553058509630501405e-01
6.380569360201161722e+00 7.914986786174197375e-01
6.386853196179592906e+00 8.347361995581120686e-01
6.393134053012607509e+00 9.523644221480054295e-01
6.399418824019404539e+00 9.733854367855626633e-01
6.405704396360532904e+00 9.864917181750088027e-01
6.411984928491945013e+00 1.000404245093708511e+00
6.418265745466296579e+00 1.145378599425153077e+00
6.424549958658937854e+00 1.093529952859232379e+00
6.430834939158401653e+00 1.076558504105799008e+00
