8.899641653093008295e-03 3.409295302170973763e+00
1.539332528288165670e-02 4.016824934217664733e+00
2.155046762996598239e-02 3.868624637001438771e+00
2.783660762585126597e-02 3.403350308410123315e+00
3.439928854529101382e-02 2.870130979097806456e+00
4.083988908678293228e-02 2.429109573364257812e+00
4.696089820801348236e-02 2.127694569463315144e+00
5.319831544433587661e-02 1.925717353820800781e+00
5.953007160048735813e-02 1.781550571374725944e+00
6.593106050382960270e-02 1.655457311243444085e+00
7.211112823241795644e-02 1.526249499198717885e+00
7.840743265709380905e-02 1.372858613319621668e+00
8.486374147573563786e-02 1.206178008746530805e+00
9.105720993371453631e-02 1.060757123390264622e+00
9.723119438183111529e-02 9.382366643186474953e-01
1.035474523099094157e-01 8.446583361086440478e-01
1.098380096325790867e-01 7.814686831190460481e-01
1.160878800454857029e-01 7.390111311494796942e-01
1.223769048302436324e-01 7.058459244250260278e-01
1.287591547856025143e-01 6.696409188009447844e-01
1.350589943281513827e-01 6.273906328837969282e-01
1.412290290659165837e-01 5.798737653482085586e-01
1.475161690700088069e-01 5.292021400908119011e-01
1.537996369822966225e-01 4.803270836681950429e-01
1.601026478659483554e-01 4.395886874477799022e-01
1.664508001660549019e-01 4.088090979837788463e-01
1.727583237560037233e-01 3.862222769573998571e-01
1.790245845132147351e-01 3.700526055065829212e-01
1.852702546080971790e-01 3.561096962330272953e-01
1.914887492119529966e-01 3.422015585386353753e-01
1.977904085892937536e-01 3.254212439527185974e-01
2.041115446406587541e-01 3.063827933807766746e-01
2.104256850836569714e-01 2.861268331962719125e-01
2.167058561960866769e-01 2.668679561262397582e-01
2.229761248051159717e-01 2.501007725464973741e-01
2.292828550697881274e-01 2.359460615320631283e-01
2.355310205895554676e-01 2.250292561057774809e-01
2.418144967727207939e-01 2.162985439677322652e-01
2.481043196360692704e-01 2.087160724155888991e-01
2.543667409246888611e-01 2.013330230623536221e-01
2.606678092543103231e-01 1.932780470254332472e-01
2.669430136113040697e-01 1.841981159131107215e-01
2.732519464783976226e-01 1.752451567811541266e-01
2.795627339315375770e-01 1.664672950085754610e-01
2.858373502475139438e-01 1.581932415993720364e-01
2.920953075698756729e-01 1.510151849400210022e-01
2.983525092968341563e-01 1.447640404383967461e-01
3.046702740008471189e-01 1.394894190169735371e-01
3.109590627528140416e-01 1.347150385919287652e-01
3.172239916515500191e-01 1.301711360625981140e-01
3.235299724572279767e-01 1.257099894405674656e-01
3.298388395071043533e-01 1.210854519658807610e-01
3.361383844359337458e-01 1.162691785679772494e-01
3.423877713306480719e-01 1.117092342304028263e-01
3.486623155692267217e-01 1.073660714285714218e-01
3.549448882949312045e-01 1.031571426694218446e-01
3.611996781549324798e-01 9.945659821914289156e-02
3.674875026172954029e-01 9.606012478760171669e-02
3.737698636248200090e-01 9.302286944029682092e-02
3.800714314497639634e-01 9.007282450239711968e-02
3.863585763589229560e-01 8.733387737369384396e-02
3.926354401118986037e-01 8.446623987386420174e-02
3.989457585494922132e-01 8.170364608266734996e-02
4.052156663313305485e-01 7.893865349853838864e-02
4.115034152883392804e-01 7.636661321932756985e-02
4.177905076349040514e-01 7.380143447668903456e-02
4.240487051047501788e-01 7.146301375827238123e-02
4.303463415118498614e-01 6.920059840594235123e-02
4.366358695421740932e-01 6.724909553315072674e-02
4.429029287921816826e-01 6.526137373953080911e-02
4.491680252572889942e-01 6.345625304508334397e-02
4.554486850820457788e-01 6.159396561738197245e-02
4.617725565885423267e-01 5.978306776944945083e-02
4.680757412093953795e-01 5.804952735538078390e-02
4.743564916629640638e-01 5.636881149078153130e-02
4.806425428564732871e-01 5.470945965053441995e-02
4.869129233098823395e-01 5.314884102323962772e-02
4.931745196394184405e-01 5.169188142481327686e-02
4.994506890543656263e-01 5.029795177705270737e-02
5.057241638978529075e-01 4.891674752434715945e-02
5.120042719980517631e-01 4.761600590286507034e-02
5.183192340646139984e-01 4.634026769130892426e-02
5.246161892892522438e-01 4.518982700216202242e-02
5.308869673046785476e-01 4.392763881794391201e-02
5.371637224096752483e-01 4.277832539302978132e-02
5.434652729571635144e-01 4.170327884644782490e-02
5.497524178004593587e-01 4.062676649035217719e-02
5.559970921381958142e-01 3.953755945884727258e-02
5.622866379023159222e-01 3.855948670400886208e-02
5.686033203527380842e-01 3.754089139461313368e-02
5.748823709563090079e-01 3.659682256866338135e-02
5.811585199734176088e-01 3.572653640199016656e-02
5.874446517276211699e-01 3.485885624009309874e-02
5.937246335834056588e-01 3.400136685987048546e-02
6.000023445208265693e-01 3.316241715078564051e-02
6.062700655927123483e-01 3.234501299037419869e-02
6.125564878198721530e-01 3.161116501546885893e-02
6.188675697062213654e-01 3.086128832276718512e-02
6.251436203714340056e-01 3.010449823510676082e-02
6.314092032308914471e-01 2.940069249233712850e-02
6.377070744462735030e-01 2.870923484801893993e-02
6.439915699782213787e-01 2.804611777398086786e-02
6.502746657481665027e-01 2.736077087052413842e-02
6.565654463687421449e-01 2.678233442708257556e-02
6.628457378217490481e-01 2.614084017478813388e-02
6.691273712706959920e-01 2.552032899754667558e-02
6.754135024521100705e-01 2.494895646166217854e-02
6.816942288653291548e-01 2.438693170366332610e-02
6.879707219643064198e-01 2.385118855226852144e-02
6.942401964891569133e-01 2.329741602328068775e-02
7.005213539313046578e-01 2.278544088685598157e-02
7.068163049835881617e-01 2.226957892232048208e-02
7.131046379544038194e-01 2.177872291050466855e-02
7.193979933183044517e-01 2.130105155118808963e-02
7.256912769458278012e-01 2.083753338296904720e-02
7.319732112087881104e-01 2.040490164829222158e-02
7.382575498732680819e-01 1.990567912894990882e-02
7.445309219837563663e-01 1.948700314141442111e-02
7.507908721544984676e-01 1.905485690069411153e-02
7.570762748651901353e-01 1.867566714715821613e-02
7.633652442780797243e-01 1.824437074706332026e-02
7.696523768503739094e-01 1.784927444131622840e-02
7.759443911184177312e-01 1.747560614126112549e-02
7.822388793759307291e-01 1.709275310957162133e-02
7.885422505712965657e-01 1.674389790041565934e-02
7.947958170677573708e-01 1.637688876472712801e-02
8.010501857211035359e-01 1.603612479055286852e-02
8.073371699120777123e-01 1.568533635469101725e-02
8.136256953004623593e-01 1.535738431490384602e-02
8.199185768310989220e-01 1.503082264536985402e-02
8.261975950269245805e-01 1.471453846920744123e-02
8.324916626456120294e-01 1.440918087979773700e-02
8.387980487119468531e-01 1.407985179944432411e-02
8.450681625339854230e-01 1.381351357123204900e-02
8.513326310877129544e-01 1.350376604645624895e-02
8.576229699198910650e-01 1.323348331978945434e-02
8.639079722665760075e-01 1.294610564335955082e-02
8.701845317394016899e-01 1.268771200445092777e-02
8.764647451447489246e-01 1.241123475354203101e-02
8.827524554796379874e-01 1.215977790957448873e-02
8.890360933084631156e-01 1.191673080881781518e-02
8.953122302139767674e-01 1.167460086183010233e-02
9.015989135410911182e-01 1.140851327143847620e-02
9.078856597069530077e-01 1.118624316288255489e-02
9.141777176955673267e-01 1.094985134481351978e-02
9.204705311210197305e-01 1.071207119704036329e-02
9.267502199878263625e-01 1.049437252373154779e-02
9.330346272813238029e-01 1.027744705308074498e-02
9.393297286529698198e-01 1.007389356400524918e-02
9.456020466528652912e-01 9.862798331442313576e-03
9.518687891863797379e-01 9.645685242552539881e-03
9.581418737840891042e-01 9.462337422742893994e-03
9.644369887048810375e-01 9.268434445848973066e-03
9.707375181351720617e-01 9.054256090072215421e-03
9.770097663529486720e-01 8.880731987497119881e-03
9.832835755838400527e-01 8.695402285459162897e-03
9.895569992810110405e-01 8.511337602017004719e-03
9.958480710782616763e-01 8.329643167403675413e-03
1.002138575493429995e+00 8.163841258497239045e-03
1.008406592376542843e+00 7.994571834179647896e-03
1.014697842972237973e+00 7.830895080638673733e-03
1.020995892874764666e+00 7.659783439395433970e-03
1.027276368069287793e+00 7.501002204348726846e-03
1.033563189136701643e+00 7.352000432458517809e-03
1.039851148620366539e+00 7.199008973983780577e-03
1.046127943161246687e+00 7.046799898843754059e-03
1.052404895272092133e+00 6.894280319975221692e-03
1.058683000430492127e+00 6.751273713807267110e-03
1.064967127327474117e+00 6.605317678933119233e-03
1.071258688161570438e+00 6.470260424016739502e-03
1.077544330604543799e+00 6.341328956179923676e-03
1.083828423436568711e+00 6.202320584659844725e-03
1.090113342297217791e+00 6.066674253022966493e-03
1.096393171946581147e+00 5.938590942816940506e-03
1.102683425690332397e+00 5.815251234545701885e-03
1.108964675464843452e+00 5.690874845677431140e-03
1.115226705913353378e+00 5.574573560315832996e-03
1.121503167812783808e+00 5.455838031210209077e-03
1.127793382225193985e+00 5.339254392953293044e-03
1.134092036465484288e+00 5.223126721787754376e-03
1.140366923395659482e+00 5.118643812326538478e-03
1.146641931784804447e+00 5.002133326389551424e-03
1.152944617322677390e+00 4.896524339223835842e-03
1.159230356871362666e+00 4.791565795543048338e-03
1.165510994903905084e+00 4.687304949071187735e-03
1.171794297100004156e+00 4.587994549105464843e-03
1.178088255559602393e+00 4.485650313021867855e-03
1.184371772446566995e+00 4.391309548898682941e-03
1.190639487122887363e+00 4.294393560602812951e-03
1.196916336380001056e+00 4.200132132571821227e-03
1.203204375371396573e+00 4.109702276965285575e-03
1.209488225901738323e+00 4.025635499356205321e-03
1.215765679709200020e+00 3.930898290838298267e-03
1.222058041744503942e+00 3.850864302928086978e-03
1.228350115998196657e+00 3.760074499920083597e-03
1.234637679107109420e+00 3.680207968591717258e-03
1.240908145406735441e+00 3.597499438370406043e-03
1.247180835746598104e+00 3.525484707000375514e-03
1.253468531500335770e+00 3.437165363911600345e-03
1.259751636995439350e+00 3.364704135147174747e-03
1.266035077425267108e+00 3.288309513169889939e-03
1.272321570618527797e+00 3.214514117218016456e-03
1.278608208280544778e+00 3.149582140796070278e-03
1.284887298154571367e+00 3.068075838796932922e-03
1.291176964274221017e+00 3.007550519338843958e-03
1.297469848393144831e+00 2.937512080759807891e-03
1.303745183221867832e+00 2.870097391630827433e-03
1.310019952103037566e+00 2.804097757129896291e-03
1.316304889985511428e+00 2.743308008114527137e-03
1.322589692250816240e+00 2.682494250587929424e-03
1.328868076233011619e+00 2.620186894261960532e-03
1.335146302472670188e+00 2.557120226819332379e-03
1.341442338921303268e+00 2.501114684114449146e-03
1.347732504022160827e+00 2.441434845733044066e-03
1.354002360904259961e+00 2.385581179620690183e-03
1.360285090555885645e+00 2.330918526562388710e-03
1.366569991348876023e+00 2.279174822781982433e-03
1.372854357884312648e+00 2.225125854562037559e-03
1.379136732473180915e+00 2.171280684700698741e-03
1.385410660878153122e+00 2.125608178144521888e-03
1.391699780091347760e+00 2.072961984014568947e-03
1.397986514487977949e+00 2.023946305919131165e-03
1.404269431125305445e+00 1.978740735639041536e-03
1.410558481592738334e+00 1.931356709834182494e-03
1.416841921169897933e+00 1.885521950306911316e-03
1.423120638450376285e+00 1.841374157699870529e-03
1.429399525711986918e+00 1.799268356360927447e-03
1.435687195920436032e+00 1.754486573660816529e-03
1.441978909597384506e+00 1.713108459006927164e-03
1.448256353182435952e+00 1.671389199392703424e-03
1.454533979889224504e+00 1.632553804342186301e-03
1.460823291195719742e+00 1.595445480068332766e-03
1.467115297699349785e+00 1.556089618608368389e-03
1.473396431849603117e+00 1.517063836106907803e-03
1.479672187129404293e+00 1.479181691186518596e-03
1.485957336950811003e+00 1.447775444125374384e-03
1.492235428844137068e+00 1.410969066243039681e-03
1.498505563158792242e+00 1.376273586429296739e-03
1.504788033368229971e+00 1.344868015362416565e-03
1.511077562324459223e+00 1.311516044903260781e-03
1.517363063341846008e+00 1.277668278359312412e-03
1.523653270341324806e+00 1.249503886754805334e-03
1.529942912799504340e+00 1.218534157798058975e-03
1.536231829420274808e+00 1.188750946344598308e-03
1.542513327069792606e+00 1.158557639783509754e-03
1.548785556440221534e+00 1.130911477607812526e-03
1.555073465503286512e+00 1.105597854301035993e-03
1.561358245907146003e+00 1.075417698282478234e-03
1.567631451431686029e+00 1.051280590188863415e-03
1.573918013544226335e+00 1.023910002591425826e-03
1.580207648268701970e+00 9.998105219824516849e-04
1.586489494063065386e+00 9.743231479809504395e-04
1.592763080732128689e+00 9.518241939621437499e-04
1.599049662621118140e+00 9.286122492827499249e-04
1.605345053337696948e+00 9.050159212726589710e-04
1.611620459129566862e+00 8.828115867476542082e-04
1.617898365736541777e+00 8.620252211817084611e-04
1.624184845436249969e+00 8.402044595051621047e-04
1.630466505740439054e+00 8.202928245557820778e-04
1.636751035144561328e+00 8.005654325216460384e-04
1.643032775792161226e+00 7.800599712639663284e-04
1.649311205731157637e+00 7.620747354479419757e-04
1.655595559618384449e+00 7.439415248752409516e-04
1.661881635856505390e+00 7.247533525160808517e-04
1.668171353955333336e+00 7.095965856072531741e-04
1.674453350850270361e+00 6.904952754786663083e-04
1.680725924646356395e+00 6.743621832963156990e-04
1.687014542692673036e+00 6.591880203115021595e-04
1.693310190593907416e+00 6.435726845923083221e-04
1.699585582287156615e+00 6.290317220503978271e-04
1.705866511081394421e+00 6.132788893901515654e-04
1.712160676675390514e+00 5.996606699258662070e-04
1.718444821026641867e+00 5.875159406154676104e-04
1.724722780324677629e+00 5.733009340883340283e-04
1.730998407906060743e+00 5.606575542407235156e-04
1.737287228726877686e+00 5.482837949119913692e-04
1.743568303176275425e+00 5.363934623428453499e-04
1.749841689593745420e+00 5.258000480207779877e-04
1.756129388522271517e+00 5.135071673910552963e-04
1.762415116633644363e+00 5.045848812542766708e-04
1.768698244482999726e+00 4.937400768095860345e-04
1.774980086402522028e+00 4.840354797911236161e-04
1.781265981096536777e+00 4.757172800465530715e-04
1.787550624457374449e+00 4.668564396978254895e-04
1.793835833491845833e+00 4.578128894661008573e-04
1.800117311233924822e+00 4.512074155380083724e-04
1.806395490080128896e+00 4.441293750554092313e-04
1.812674669631440416e+00 4.382710695401111967e-04
1.818957879507353992e+00 4.308601947749341691e-04
1.825245306758315422e+00 4.253483844968974090e-04
1.831528271693480647e+00 4.213976853660202884e-04
1.837812827050599118e+00 4.167346373927419243e-04
1.844103367940866489e+00 4.125043725503818809e-04
1.850386948924649388e+00 4.089788590186265219e-04
1.856666935595761014e+00 4.061179733010336830e-04
1.862948995952047992e+00 4.033626093332510023e-04
1.869230662203537285e+00 4.014085787331113635e-04
1.875518523852231834e+00 4.005759807217356121e-04
1.881801828956604083e+00 3.995726861646781386e-04
1.888079605905484737e+00 3.996884940001624309e-04
1.894354917179238207e+00 4.002410063950569206e-04
1.900643508338552223e+00 4.012215851021096657e-04
1.906933681097740418e+00 4.034436415240681001e-04
1.913208537729330194e+00 4.049816283261470839e-04
1.919491876081842907e+00 4.099414677632487458e-04
1.925778583551117418e+00 4.135928949029042830e-04
1.932066442879381896e+00 4.170936340002742628e-04
1.938345779800252577e+00 4.237259584988592887e-04
1.944621163117130624e+00 4.285968389378520230e-04
1.950906419736068598e+00 4.347233543599601899e-04
1.957194922928259695e+00 4.424039321483695187e-04
1.963480698366232735e+00 4.510305672457020124e-04
1.969761129083444473e+00 4.623775974235426380e-04
1.976050304691988391e+00 4.688905037818191768e-04
1.982339908457910083e+00 4.807188735715180075e-04
1.988618349245825812e+00 4.930892454684371838e-04
1.994897766502643721e+00 5.051342747034334680e-04
2.001180771161680028e+00 5.183166761079543473e-04
2.007460336186321026e+00 5.331013583072503155e-04
2.013738753216055777e+00 5.497834083805109174e-04
2.020018986124832772e+00 5.672400806201609346e-04
2.026310836118350167e+00 5.846185791679233291e-04
2.032601207862052561e+00 6.054132127055229665e-04
2.038875504895327317e+00 6.249474930786407889e-04
2.045155551699306962e+00 6.428854645875236662e-04
2.051445731990026999e+00 6.664602528562517912e-04
2.057731375213294633e+00 6.896807344516206386e-04
2.064016423384301913e+00 7.186063848603248131e-04
2.070302827783211619e+00 7.364760921030170677e-04
2.076590615358942848e+00 7.706711775376668674e-04
2.082865814675600280e+00 7.964145519872293166e-04
2.089135078390696343e+00 8.262988189575410465e-04
2.095424699602885799e+00 8.590598148232919716e-04
2.101708259047597949e+00 8.937822670980261801e-04
2.107987807301212158e+00 9.233525538027694901e-04
2.114274337075186416e+00 9.616369329591933869e-04
2.120555211422834319e+00 1.004944374848100496e-03
2.126838540980260372e+00 1.033715106262793641e-03
2.133123767198004117e+00 1.084149421332129088e-03
2.139413031894335848e+00 1.122547513031936593e-03
2.145698041890389263e+00 1.171152398782476832e-03
2.151974340624452253e+00 1.224349808365705981e-03
2.158260630891077003e+00 1.259997348657872218e-03
2.164546658731809625e+00 1.322570964721467334e-03
2.170832823837292480e+00 1.368509334919441748e-03
2.177115967197242430e+00 1.432865945940445078e-03
2.183389032615354441e+00 1.484621094734301554e-03
2.189670975244353279e+00 1.541741921714370961e-03
2.195960831894089527e+00 1.610557189065060790e-03
2.202245817416866203e+00 1.668925594447396394e-03
2.208524601220368755e+00 1.740516750194146065e-03
2.214805589383115780e+00 1.805735182232602208e-03
2.221093631642824917e+00 1.884184726309963247e-03
2.227374275520719316e+00 1.960048462564192937e-03
2.233658333286540287e+00 2.029385751200353093e-03
2.239946072329966231e+00 2.116014172487425647e-03
2.246226850917138140e+00 2.187064805142421766e-03
2.252506781988718565e+00 2.284684512460054360e-03
2.258783643789477491e+00 2.370454559204247282e-03
2.265069381259946724e+00 2.451690387179693547e-03
2.271351266578538919e+00 2.553000450687226402e-03
2.277635010148555850e+00 2.653965262461760975e-03
2.283922963308533394e+00 2.773446889650678805e-03
2.290204538958168001e+00 2.859718319379366946e-03
2.296492854789115245e+00 2.970064753983318179e-03
2.302773836462560286e+00 3.088399694158076858e-03
2.309052848528886148e+00 3.206813530650769618e-03
2.315340397783157922e+00 3.325397056521503091e-03
2.321629550362612981e+00 3.440454467609065960e-03
2.327914834812394584e+00 3.581890846173951988e-03
2.334189028016975698e+00 3.705511676359836068e-03
2.340468735514670495e+00 3.861477345919899808e-03
2.346757573269963704e+00 3.984488085256338886e-03
2.353046701279460251e+00 4.138390328409103334e-03
2.359329919851476554e+00 4.297656865563999340e-03
2.365603805485394950e+00 4.473251688797004813e-03
2.371887442159951398e+00 4.596495520180932971e-03
2.378175480496420580e+00 4.776922151278312212e-03
2.384455602231496218e+00 4.936839522946859585e-03
2.390737631861327372e+00 5.114828731979406858e-03
2.397015688929587718e+00 5.311474426397223142e-03
2.403297559533717376e+00 5.503686450422846412e-03
2.409586419743307228e+00 5.702386045828412506e-03
2.415875314660682172e+00 5.883781999499370675e-03
2.422164535679191655e+00 6.072313133242619385e-03
2.428442137972055104e+00 6.327471715607289014e-03
2.434719213815070837e+00 6.516942494169576314e-03
2.441002915255427563e+00 6.733051629863801187e-03
2.447292244015294216e+00 7.001115233997135499e-03
2.453574548397714494e+00 7.273391147999752789e-03
2.459853950840888093e+00 7.479551765664121596e-03
2.466141393364139400e+00 7.717878626720553123e-03
2.472424340910468477e+00 7.990525321610486564e-03
2.478699559716526224e+00 8.264757587656658758e-03
2.484981956405843295e+00 8.585464933005861055e-03
2.491271774374293368e+00 8.792768949455978533e-03
2.497550925125272325e+00 9.159145480368538830e-03
2.503833126215876170e+00 9.435914923639193014e-03
2.510118697329297710e+00 9.766783836819821138e-03
2.516402124721602629e+00 1.012395942109871154e-02
2.522689938852853420e+00 1.044522559924800260e-02
2.528973288009538134e+00 1.080945413463876327e-02
2.535253600549877362e+00 1.117232603174580022e-02
2.541538941914911476e+00 1.154497009324675048e-02
2.547825021627405206e+00 1.188739487059266645e-02
2.554103008122937002e+00 1.238321995928363950e-02
2.560378237915397648e+00 1.266146406369101675e-02
2.566669017775174755e+00 1.312680254113759819e-02
2.572956571054420216e+00 1.354687286878082132e-02
2.579236104287966125e+00 1.404942896225466233e-02
2.585522655546601989e+00 1.449109019425550392e-02
2.591808172184224546e+00 1.501793091509659103e-02
2.598087543498381002e+00 1.539243859761879434e-02
2.604361437550918978e+00 1.601881172706275808e-02
2.610647591905687293e+00 1.645985108985386844e-02
2.616933270352379548e+00 1.693568922394425927e-02
2.623207934884185466e+00 1.773280579832020934e-02
2.629492944384940412e+00 1.816103067138603866e-02
2.635779602277390499e+00 1.886850708657353617e-02
2.642061794567720945e+00 1.942829887737983208e-02
2.648344685049869529e+00 2.015971363684626941e-02
2.654633852395646088e+00 2.078365513861788264e-02
2.660920832685793602e+00 2.162250334102681221e-02
2.667200003651473139e+00 2.237257365270731851e-02
2.673485665061926309e+00 2.300403840432500846e-02
2.679774189917022653e+00 2.376626780240782832e-02
2.686059197445316293e+00 2.443718538598526127e-02
2.692340742040600254e+00 2.541221851169872190e-02
2.698619785325931719e+00 2.621662574273389903e-02
2.704896067289608741e+00 2.715781862499580881e-02
2.711176296267862273e+00 2.803492021353892055e-02
2.717460477624493720e+00 2.894211973417072301e-02
2.723746785600710485e+00 3.004691621198184864e-02
2.730040839622854598e+00 3.090816694345453405e-02
2.736320462271965681e+00 3.198780943975140789e-02
2.742593167856604897e+00 3.336068753974109208e-02
2.748880654965284887e+00 3.445714066193755060e-02
2.755164406907204988e+00 3.591465956870489029e-02
2.761447966179410241e+00 3.702941056077749954e-02
2.767734949986044413e+00 3.825534056963889040e-02
2.774018204230510154e+00 3.936101793163231805e-02
2.780299459131881701e+00 4.096098034920737929e-02
2.786578380850841974e+00 4.278682331916967840e-02
2.792858749059577761e+00 4.395135296945480025e-02
2.799144688897090116e+00 4.582675045750122383e-02
2.805431744286055018e+00 4.757554866173974162e-02
2.811716466586489993e+00 4.912944064003935823e-02
2.817990514261363710e+00 5.141071970437652988e-02
2.824271178017407902e+00 5.262303243284613408e-02
2.830565310473360352e+00 5.477658795685151627e-02
2.836850361681537702e+00 5.723821152059158784e-02
2.843131259198828698e+00 5.988292686648039737e-02
2.849415373186487965e+00 6.240320201518761989e-02
2.855698064670956882e+00 6.406636913865221272e-02
2.861978975302818640e+00 6.685831367612284082e-02
2.868263635614905827e+00 6.908227561854178578e-02
2.874548572895146759e+00 7.258308607061116080e-02
2.880833509046437424e+00 7.583806896690094279e-02
2.887115914775806313e+00 7.812226208366714053e-02
2.893396211301912935e+00 8.224411140495843653e-02
2.899675259048415388e+00 8.548673157479755313e-02
2.905955807169823046e+00 8.871828174816746848e-02
2.912242784565592046e+00 9.295531863542884354e-02
2.918528489082492516e+00 9.739731963966677397e-02
2.924812236943901578e+00 1.015728592909555250e-01
2.931097264553834236e+00 1.057538635629252932e-01
2.937379046647154990e+00 1.122407978522977356e-01
2.943662417245681340e+00 1.170831209525382832e-01
2.949948997849719756e+00 1.223965324990256842e-01
2.956228453902073561e+00 1.290344834478298064e-01
2.962510840116227673e+00 1.354086039718666035e-01
2.968797192440125965e+00 1.421656318810848585e-01
2.975078489423049533e+00 1.486287891914001014e-01
2.981360447198230457e+00 1.567887858681109581e-01
2.987647323528414223e+00 1.671711126491401689e-01
2.993932064934300641e+00 1.729494814013134429e-01
3.000209551562139421e+00 1.827701262036925123e-01
3.006487470944601892e+00 1.905985330018963031e-01
3.012770586989486521e+00 2.042927784329113261e-01
3.019055028984091837e+00 2.173043725200207998e-01
3.025339593109035885e+00 2.282397810138891148e-01
3.031624651041083141e+00 2.455404830449438580e-01
3.037909525040372927e+00 2.583761717414662651e-01
3.044196264475506730e+00 2.763111380831020925e-01
3.050477886447245712e+00 2.964809129540068589e-01
3.056756711732924625e+00 3.133820270192951840e-01
3.063041213115731409e+00 3.346315414419820389e-01
3.069324013399330031e+00 3.618317810783082678e-01
3.075611272807551533e+00 3.809878239817243717e-01
3.081895489281643030e+00 4.112597038563614027e-01
3.088176199887292306e+00 4.540156597675368833e-01
3.094459112917897325e+00 4.804038689475012003e-01
3.100744234350492956e+00 5.360887896210750903e-01
3.107029324214496846e+00 5.740272576455365261e-01
3.113310425776543600e+00 6.257397597017613222e-01
3.119592029507459507e+00 6.557016948451316329e-01
3.125875559417674587e+00 7.170262818697292762e-01
3.132160147770352676e+00 7.672056262502796598e-01
3.138440210879888337e+00 9.079094799669982230e-01
3.144724491651683440e+00 9.742549752436118204e-01
3.151004924765398840e+00 1.134606236300688353e+00
3.157285342196649136e+00 1.229077269102311964e+00
3.163570603826113992e+00 1.376450048295716710e+00
3.169852350185627277e+00 1.566308191561484042e+00
3.176138770387999966e+00 1.813654506045718540e+00
3.182422419512343836e+00 1.992262719672920124e+00
3.188703671424619746e+00 2.364948801543974355e+00
3.194991280550246948e+00 2.705016140191909280e+00
3.201276738120839127e+00 3.395929246054774087e+00
3.207553033218304872e+00 4.295238902585622576e+00
3.213836161597863672e+00 2.726397540799434527e+00
3.220123259784395398e+00 2.112140461890656752e+03
3.226407551420531483e+00 3.712883841945464614e+00
3.232689305629245613e+00 4.227315895047704331e+00
3.238971071582136041e+00 3.371359802923469484e+00
3.245255685894246067e+00 2.838423561508084170e+00
3.251535715250951863e+00 2.466169650822027215e+00
3.257819502328903827e+00 2.110306979508456582e+00
3.264103492610594071e+00 1.886277020748727606e+00
3.270384810144397303e+00 1.634597326801251693e+00
3.276670428022039783e+00 1.505508936371631412e+00
3.282955566270326919e+00 1.363942854476632549e+00
3.289237716703969916e+00 1.214992411420101170e+00
3.295520653962330293e+00 1.090657704520487492e+00
3.301807644101458550e+00 9.671240819648916354e-01
3.308089302529158449e+00 9.014737030676878149e-01
3.314368987794545252e+00 8.014873757626304052e-01
3.320652691368451315e+00 7.556707223549790076e-01
3.326932422871479833e+00 6.828648113939871367e-01
3.333218115701501727e+00 6.302450455691840370e-01
3.339505861603602188e+00 5.887799594953538884e-01
3.345788344868127595e+00 5.569113554476725625e-01
3.352073190624765164e+00 5.119261449428974542e-01
3.358352694183646125e+00 4.802921332521201125e-01
3.364631227903127186e+00 4.500678463341604707e-01
3.370918965384773536e+00 4.149858376369180424e-01
3.377201513381668629e+00 3.992736957703419409e-01
3.383485934595764633e+00 3.736134166618729213e-01
3.389772491671652066e+00 3.507636364630941084e-01
3.396053991719500509e+00 3.330325085617698577e-01
3.402334005192525712e+00 3.141403715017668241e-01
3.408611853508482170e+00 3.006625204570238519e-01
3.414897839864825535e+00 2.850587562885029125e-01
3.421181285155862728e+00 2.680041659381598440e-01
3.427465364374100876e+00 2.564709839406194569e-01
3.433754096688785840e+00 2.452534976682211876e-01
3.440035356242748144e+00 2.348149339058201723e-01
3.446315808169163386e+00 2.229625319767518932e-01
3.452602963757077426e+00 2.116693357581053148e-01
3.458885619127623823e+00 2.043068793590818166e-01
3.465165758924614980e+00 1.941276641153613092e-01
3.471451503231973046e+00 1.858300469330552152e-01
3.477736678957558336e+00 1.803308948531461287e-01
3.484022358005950615e+00 1.729067498163721905e-01
3.490300354914448899e+00 1.636774294341244718e-01
3.496585015994501777e+00 1.603813280180211853e-01
3.502870831105572069e+00 1.536899223484042010e-01
3.509147722814735637e+00 1.482633712506118140e-01
3.515429662141086098e+00 1.427306382316582967e-01
3.521712008697834850e+00 1.372434733988083522e-01
3.527993736944767811e+00 1.331941743553705648e-01
3.534279159635547618e+00 1.290218909723667706e-01
3.540566564128809546e+00 1.234678669740503082e-01
3.546847878650843722e+00 1.211756217223948218e-01
3.553133555247947939e+00 1.178142704622183040e-01
3.559420214763478363e+00 1.133903064265015942e-01
3.565699480408631494e+00 1.104689113178835558e-01
3.571981368517234134e+00 1.073956512687087861e-01
3.578268698423837879e+00 1.033467323429002743e-01
3.584550774530670392e+00 1.010123814822159044e-01
3.590828935987784298e+00 9.836180149208102741e-02
3.597110718088889492e+00 9.543214762383107896e-02
3.603396512424406506e+00 9.355431268195249506e-02
3.609676747082802173e+00 9.048862584468395087e-02
3.615957977992316330e+00 8.900028252044224486e-02
3.622243580426721010e+00 8.597548170826693759e-02
3.628522628462809596e+00 8.463045446452607812e-02
3.634808120005133425e+00 8.217201723711967110e-02
3.641096965386622752e+00 8.085060270121534332e-02
3.647384913781243299e+00 7.877612922070169332e-02
3.653666753133836043e+00 7.717392905371170397e-02
3.659947726352769770e+00 7.596910362491533786e-02
3.666234893709818365e+00 7.413436547244968422e-02
3.672516996003137191e+00 7.309676010190391260e-02
3.678797940623468765e+00 7.127706681381786036e-02
3.685082198750683435e+00 6.996236900923050173e-02
3.691363013935667237e+00 6.893308201659198442e-02
3.697646206996081375e+00 6.737009985313283100e-02
3.703928900991629636e+00 6.689440124782043695e-02
3.710211472841704605e+00 6.570258848388800532e-02
3.716497167052446926e+00 6.470425937374051084e-02
3.722777172938726675e+00 6.396303078042071821e-02
3.729061287240359235e+00 6.225953986256792944e-02
3.735344545777875336e+00 6.216430599417425290e-02
3.741626449543836941e+00 6.109854077504454917e-02
3.747909505093512728e+00 6.046032372044383985e-02
3.754193016198873689e+00 5.985394842958365047e-02
3.760479637558913790e+00 5.928560608551863842e-02
3.766759446133269851e+00 5.872788931751860009e-02
3.773037643559592702e+00 5.772863293221197623e-02
3.779325182447645037e+00 5.765120191199805261e-02
3.785611241998332765e+00 5.706479647725157950e-02
3.791893886399857028e+00 5.661271037555127422e-02
3.798178379008452232e+00 5.645684537100980477e-02
3.804460597007844669e+00 5.594926291707860710e-02
3.810741293786842121e+00 5.633156651538874515e-02
3.817024656157668172e+00 5.551628128126078615e-02
3.823308984901775620e+00 5.546002741784106238e-02
3.829591178579501598e+00 5.541582188616926002e-02
3.835873668636422096e+00 5.497796448266540487e-02
3.842161045612500381e+00 5.547642687248630078e-02
3.848445733590433626e+00 5.471116031512752304e-02
3.854726100441019820e+00 5.557102463821240318e-02
3.861008152561713036e+00 5.514038866815174078e-02
3.867288667520160317e+00 5.500877248519901730e-02
3.873571407143857837e+00 5.558746170912790691e-02
3.879855154507281689e+00 5.533382155817148651e-02
3.886140680133453706e+00 5.618889760574301978e-02
3.892423554426630350e+00 5.592371657546466035e-02
3.898707135643554089e+00 5.660415571203100682e-02
3.904992757440263862e+00 5.703950827839872340e-02
3.911274451483945036e+00 5.685171607071128064e-02
3.917556732333046021e+00 5.817631296152013520e-02
3.923841166575323225e+00 5.767623603268972471e-02
3.930124816016721478e+00 5.925937275506980989e-02
3.936403665333011226e+00 5.928074288935760577e-02
3.942687802723190860e+00 5.968837472001898431e-02
3.948975148759096498e+00 6.123063605701396100e-02
3.955262046498601247e+00 6.052153537698390373e-02
3.961543413939611291e+00 6.323872301809804752e-02
3.967823997647459411e+00 6.276861405785315318e-02
3.974109649109424769e+00 6.422634444787625463e-02
3.980390315513306465e+00 6.555918726496248738e-02
3.986670633178865497e+00 6.510065146228545541e-02
3.992954341574337374e+00 6.842716273719058606e-02
3.999239437674898312e+00 6.761765083005163990e-02
4.005522652480014045e+00 7.019883602214624374e-02
4.011802048177673718e+00 7.122969770404971590e-02
4.018085141715408426e+00 7.159542645254250715e-02
4.024369535233901729e+00 7.497513249725784590e-02
4.030649783293330124e+00 7.379853320640401837e-02
4.036932679129111357e+00 7.823485745814040548e-02
4.043220418290019325e+00 7.830992614177234579e-02
4.049507661662086200e+00 8.021959509322872106e-02
4.055788045907045891e+00 8.307194387797592339e-02
4.062067059164522043e+00 8.205475978211848598e-02
4.068352854787344874e+00 8.887843564996540657e-02
4.074635659509510788e+00 8.765634979522139714e-02
4.080917054045270831e+00 9.154966420227141077e-02
4.087205686088069889e+00 9.334133295977897760e-02
4.093490301644573393e+00 9.420768834788641188e-02
4.099770438207295697e+00 1.011363927308092520e-01
4.106052527015961573e+00 9.969624901718165955e-02
4.112336138144955910e+00 1.060302994088264533e-01
4.118621532583603972e+00 1.067046785043622298e-01
4.124903585067976941e+00 1.103308148892281487e-01
4.131182712642240240e+00 1.159125767435731230e-01
4.137468630000815217e+00 1.136553203976084780e-01
4.143753536347550614e+00 1.262392966455991028e-01
4.150036722937140432e+00 1.238270399178912073e-01
4.156319556835904372e+00 1.301893411260281463e-01
4.162601167118149981e+00 1.355770867851536221e-01
4.168887134570721464e+00 1.341001641313932513e-01
4.175169561765874171e+00 1.491161764201875684e-01
4.181452242899395877e+00 1.453423407764713737e-01
4.187739255360579449e+00 1.582184504514892454e-01
4.194021594670000574e+00 1.598707002244029451e-01
4.200300760695198754e+00 1.633191737517288578e-01
4.206583573312412838e+00 1.769316072597831857e-01
4.212864548425995892e+00 1.707816732343392097e-01
4.219147128485455589e+00 1.962175182170257104e-01
4.225433661438403377e+00 1.903789460538142797e-01
4.231718368477329406e+00 2.037892440090792179e-01
4.237998895475036498e+00 2.130630253365777271e-01
4.244279597466258380e+00 2.060531112370819484e-01
4.250566280105218198e+00 2.457445835693992109e-01
4.256851587952112936e+00 2.285013649142462744e-01
4.263132860899111698e+00 2.566080353128350477e-01
4.269414568915884445e+00 2.624778538889105395e-01
4.275698115740782512e+00 2.626258806185362560e-01
4.281980156021848671e+00 3.040649921088573460e-01
4.288263338818810944e+00 2.801125938631051637e-01
4.294548516739729926e+00 3.384519455837057822e-01
4.300830910891001224e+00 3.224605415648341133e-01
4.307114686814344395e+00 3.482530960907570527e-01
4.313397714262970695e+00 3.786647615926261312e-01
4.319680042548951882e+00 3.461142558064914665e-01
4.325962677260454470e+00 4.538064824345904857e-01
4.332247955255882133e+00 4.063158182514993721e-01
4.338534851577296791e+00 4.776815177248948663e-01
4.344817821624197940e+00 4.767118953237337031e-01
4.351099303949236052e+00 4.708572450989183533e-01
4.357383544198474290e+00 6.006622332662383545e-01
4.363669160634735533e+00 5.152194176654399937e-01
4.369952160826413134e+00 6.794387305773205155e-01
4.376231841677308942e+00 6.175090550019937119e-01
4.382510196913425915e+00 6.996827654149661013e-01
4.388795959382868261e+00 7.829968973189487258e-01
4.395079843903230810e+00 6.602847637145321524e-01
4.401360933733665881e+00 1.009449927465421615e+00
4.407643714302012405e+00 8.089832051539123103e-01
4.413926461136920665e+00 1.107099855397990940e+00
4.420212544897195173e+00 1.035398667740969003e+00
4.426495749838379012e+00 9.932556687094304948e-01
4.432779159072235409e+00 1.538002643234542388e+00
4.439059915458222427e+00 1.109016703036430407e+00
4.445341878237662137e+00 1.810067091507584269e+00
4.451628428868033005e+00 1.391851250345217395e+00
4.457914551035861095e+00 1.895533065418771423e+00
4.464200235517868265e+00 2.031743267002456221e+00
4.470482182628605194e+00 1.666392739251087995e+00
4.476764673345638990e+00 3.263894900107904284e+00
4.483049464187839561e+00 2.117501179882918194e+00
4.489333155731497271e+00 4.028820128058271166e+00
4.495613345822325080e+00 2.870166342085113786e+00
4.501892119142445026e+00 2.806929969375393963e+00
4.508175121787952655e+00 6.085841739637971592e+00
4.514460900366407792e+00 3.680012445370343777e+00
4.520742053546796591e+00 8.678186737737354051e+00
4.527023810359859013e+00 5.541819468097759049e+00
4.533308960469576654e+00 1.111198592340087821e+01
4.539592363903683037e+00 6.923071527832203031e+00
4.545874919538348990e+00 5.038150302022717852e+00
4.552157687156885402e+00 2.460781465482074964e+03
4.558443781612104395e+00 7.099977563532496205e+00
4.564727638565654111e+00 1.304255102666220978e+01
4.571009437592583602e+00 5.500737711049802137e+00
4.577294624203679163e+00 4.558836896819546958e+00
4.583578089646453968e+00 7.737923606997833659e+00
4.589862179487309568e+00 3.545991173219968040e+00
4.596143999485379439e+00 5.592443361085233100e+00
4.602425263016355572e+00 3.006742876219316685e+00
4.608712017363744806e+00 3.279270215166430802e+00
4.614996038799121791e+00 3.439996730629867105e+00
4.621277296175202665e+00 2.071968008202179856e+00
4.627559936726636458e+00 3.057189629280498533e+00
4.633841741478233800e+00 1.787248851025079244e+00
4.640122475394416135e+00 2.119940198797958697e+00
4.646404355152583321e+00 1.838200956665039909e+00
4.652690604636823046e+00 1.346181624872213822e+00
4.658976230417983366e+00 1.905804706509406810e+00
4.665257901055365863e+00 1.242870294223760608e+00
4.671540647875587204e+00 1.454263694411247920e+00
4.677823961431464284e+00 1.211112945862547807e+00
4.684108235097336426e+00 9.480752956844413770e-01
4.690391798870516382e+00 1.302764838493068345e+00
4.696675467203847987e+00 8.760826336941376358e-01
4.702958737792436672e+00 1.024840673823615100e+00
4.709239588303709922e+00 8.519363439124529869e-01
4.715521529300301218e+00 7.872853214561260637e-01
4.721804241650856326e+00 8.521684422920573487e-01
4.728088995851720711e+00 6.651970408684119151e-01
4.734372372593826483e+00 7.829443536165984208e-01
4.740653441478511532e+00 6.319966310433281498e-01
4.746937690136521226e+00 6.319782471068668972e-01
4.753220866740556438e+00 6.215101509605784891e-01
4.759499584445610942e+00 5.152669304552826013e-01
4.765784674643524177e+00 5.964144992033663106e-01
4.772072066667437440e+00 4.955180956564519401e-01
4.778354574712954772e+00 5.050721904633431736e-01
4.784639688699459548e+00 4.753609956652287138e-01
4.790924571112255670e+00 4.281211701763024124e-01
4.797207630427470448e+00 4.658785038086225572e-01
4.803491281906666188e+00 3.926953309341619236e-01
4.809774797188141271e+00 4.167020461368197704e-01
4.816055012942697999e+00 3.784829485159601492e-01
4.822335756210613056e+00 3.594692758024951029e-01
4.828618372965728156e+00 3.657099913303585859e-01
4.834902420031529147e+00 3.242664079282912004e-01
4.841185408631580422e+00 3.472910196371502001e-01
4.847466912745727718e+00 3.115208984173962192e-01
4.853753607692918415e+00 3.072121118618162394e-01
4.860040654770696023e+00 3.011159676270478980e-01
4.866322071713594433e+00 2.748143701455711407e-01
4.872604241020684235e+00 2.923296723110547779e-01
4.878889019589767173e+00 2.624318688205261041e-01
4.885169833709484877e+00 2.649013556674055803e-01
4.891451276335970988e+00 2.529217136360162321e-01
4.897735676523086390e+00 2.406203254146364601e-01
4.904020888466774863e+00 2.446271851650473894e-01
4.910302466098539043e+00 2.252368471640026903e-01
4.916582728670469749e+00 2.314513981159146416e-01
4.922870405746558653e+00 2.184006322510409492e-01
4.929152603204811633e+00 2.139919057144197001e-01
4.935433400905724355e+00 2.120996688780103501e-01
4.941720002621369012e+00 1.976609832861330462e-01
4.948000629162284447e+00 2.053465784891640722e-01
4.954284600437537378e+00 1.924354682861978971e-01
4.960568964118362345e+00 1.917831108466231949e-01
4.966849452054189484e+00 1.867421062925551101e-01
4.973133312553746244e+00 1.802129645367799293e-01
4.979416667731975110e+00 1.833606239619531564e-01
4.985701847394269137e+00 1.731078677196097038e-01
4.991986126907685062e+00 1.745305736173020650e-01
4.998266089552569014e+00 1.705291576415745580e-01
5.004548850075229538e+00 1.662487424168677952e-01
5.010834613416704109e+00 1.665462536100485169e-01
5.017114133618883365e+00 1.591686188559211790e-01
5.023396754503464123e+00 1.633333157344868392e-01
5.029682555385535103e+00 1.575794755552129001e-01
5.035962952494468681e+00 1.559124008495513802e-01
5.042248916723991670e+00 1.560094876997717428e-01
5.048534518437475249e+00 1.518284370615120282e-01
5.054817055058077102e+00 1.543770037051254151e-01
5.061103124450734292e+00 1.483487705640160470e-01
5.067385418511126005e+00 1.513999178792261036e-01
5.073665350133166108e+00 1.496239680886863599e-01
5.079944158568527435e+00 1.463840856759107967e-01
5.086229157971559722e+00 1.476709799438487014e-01
5.092516081670024342e+00 1.461441818401002513e-01
5.098799062815714933e+00 1.488349031900876862e-01
5.105081564999609967e+00 1.459253754631067712e-01
5.111362075909486435e+00 1.458781277106585283e-01
5.117646708276604173e+00 1.483120287545873217e-01
5.123931579419740423e+00 1.456772717166570363e-01
5.130214175713612157e+00 1.480484511763610345e-01
5.136495802354272833e+00 1.486408774234737884e-01
5.142780182582010973e+00 1.509087768287731279e-01
5.149064547742418618e+00 1.502777563196797395e-01
5.155344632471284605e+00 1.490880756594519796e-01
5.161628512901673460e+00 1.563593728990807785e-01
5.167914708882204167e+00 1.549752929050322858e-01
5.174198770587969065e+00 1.560794276143946946e-01
5.180481984271699147e+00 1.568591138973382260e-01
5.186765863297754464e+00 1.633094323274204562e-01
5.193047702705746893e+00 1.648671971918118928e-01
5.199327701301567295e+00 1.643350698688260114e-01
5.205610051315074038e+00 1.687878194446697511e-01
5.211893783792568513e+00 1.744265311840660082e-01
5.218178654991308285e+00 1.770535104203732057e-01
5.224460565579556182e+00 1.766898099672562228e-01
5.230741351715697540e+00 1.852182864334129264e-01
5.237027120177700112e+00 1.925432519496310946e-01
5.243314739467697549e+00 1.924892314555248507e-01
5.249595278023606149e+00 1.939292213151715127e-01
5.255875849079584938e+00 2.096998228405653752e-01
5.262158673469957471e+00 2.122385509658403224e-01
5.268439395112831214e+00 2.146315073630850612e-01
5.274722108206590931e+00 2.186020876024214188e-01
5.281007345641278938e+00 2.375832015639856298e-01
5.287293380248259567e+00 2.409057642556164947e-01
5.293576735145029133e+00 2.422701414953918053e-01
5.299860851423467523e+00 2.542901697328867616e-01
5.306144493245258609e+00 2.757788636524041714e-01
5.312427159026070100e+00 2.793392034267835888e-01
5.318710177455853838e+00 2.749194942751484461e-01
5.324993165098304893e+00 3.091867336109956343e-01
5.331278074387978627e+00 3.251705074440313648e-01
5.337561778582737837e+00 3.275883636703796342e-01
5.343844392417137712e+00 3.243667625015974054e-01
5.350127046241198059e+00 3.770672505693710153e-01
5.356410632573585850e+00 3.897296791801433402e-01
5.362696075374680404e+00 3.916859578222541827e-01
5.368977622023428431e+00 3.991294370436285766e-01
5.375259264787404234e+00 4.657963188317614800e-01
5.381542175673222239e+00 4.857168419397681070e-01
5.387824976115930475e+00 4.662772439650618161e-01
5.394108529100064331e+00 5.221007092532710114e-01
5.400390002504265929e+00 5.945532708637565333e-01
5.406673750202084960e+00 5.989131161270537795e-01
5.412955699794467890e+00 5.544605948246542626e-01
5.419237955148318520e+00 6.994466187113745903e-01
5.425523090525197212e+00 7.671305375797440318e-01
5.431805715860540396e+00 7.799873606244145385e-01
5.438090831113179924e+00 6.929204832900498490e-01
5.444374481405862554e+00 9.784821587908673068e-01
5.450656385985535479e+00 1.044756639202122805e+00
5.456941012042004324e+00 1.051563808216871010e+00
5.463223574256159232e+00 9.725334983649450704e-01
5.469506233746614043e+00 1.376098426583671985e+00
5.475791313392783799e+00 1.466292148951428453e+00
5.482076520806099751e+00 1.373333095062228448e+00
5.488361758921633360e+00 1.445845222436395350e+00
5.494642978338553085e+00 2.051461543413008570e+00
5.500922328851260090e+00 2.294684131189949738e+00
5.507204020884158169e+00 1.650549081837845433e+00
5.513487086383534574e+00 2.718234470790573454e+00
5.519772673170036725e+00 3.331717964024319301e+00
5.526055063335959083e+00 3.554491994412428468e+00
5.532333106276354329e+00 2.504549730388251128e+00
5.538615491667449930e+00 4.749675814769181770e+00
5.544903720115636148e+00 5.901883072770179872e+00
5.551187288815954801e+00 7.089833792397281620e+00
5.557470531467981090e+00 4.310667316340579980e+00
5.563755611658447897e+00 8.053790738846000608e+00
5.570037554875349350e+00 1.272130780713064723e+03
5.576319117887759802e+00 7.510310709135565865e+00
5.582602002155147680e+00 5.006179474213628744e+00
5.588888631490213754e+00 8.052865515035394495e+00
5.595175275496153233e+00 6.464780895089667467e+00
5.601458712915984961e+00 3.002376335725154721e+00
5.607739290868620330e+00 4.967236997377687757e+00
5.614020862542647983e+00 4.148895903580742228e+00
5.620301751604071860e+00 3.484320291145537762e+00
5.626585003660349749e+00 1.960235839842297656e+00
5.632870193703824135e+00 3.022654783692089175e+00
5.639149634200363970e+00 2.575709396999446454e+00
5.645432108629827361e+00 2.003149437220568263e+00
5.651717488754057328e+00 1.524232696985621915e+00
5.658002094958268557e+00 1.891686541262919352e+00
5.664286976960462461e+00 1.614249081825747556e+00
5.670566925585673879e+00 1.175417065528565397e+00
5.676852042208761162e+00 1.300779325976987977e+00
5.683137388589912575e+00 1.296290545583408171e+00
5.689418158699685257e+00 1.123003719289668023e+00
5.695702068056029077e+00 8.528388847963990216e-01
5.701985967982890813e+00 1.069344691065774677e+00
5.708271056387263620e+00 9.467584874547522178e-01
5.714552979709825564e+00 8.111336231219750115e-01
5.720831601415190093e+00 7.108884789032960949e-01
5.727115355927898221e+00 7.953974162968656669e-01
5.733398957275753105e+00 7.158066879996388687e-01
5.739684091351107575e+00 6.062246610539554492e-01
5.745967659604392708e+00 6.101465210052066102e-01
5.752250391047120992e+00 6.113981985412573206e-01
5.758534671789668380e+00 5.587032450499054281e-01
5.764815058099513223e+00 4.798535269443610085e-01
5.771097431484660589e+00 5.281126475966836376e-01
5.777380386878713026e+00 4.920060901498029549e-01
5.783664936364128373e+00 4.494476133800522910e-01
5.789947151929451863e+00 4.099078548916669784e-01
5.796231493774793186e+00 4.349885981123697287e-01
5.802516691340624533e+00 4.050301830211474052e-01
5.808797995112186641e+00 3.707029488615293800e-01
5.815082184083208539e+00 3.608916134849586843e-01
5.821365271507954020e+00 3.663963658056190731e-01
5.827645525290467532e+00 3.398694269460811879e-01
5.833928171908906890e+00 3.124202810683513465e-01
5.840215967589452717e+00 3.192766600328836857e-01
5.846501812893647454e+00 3.109846186796681455e-01
5.852781909673957728e+00 2.916622603296931127e-01
5.859063783293738226e+00 2.717910141023047177e-01
5.865349571500913406e+00 2.839394426253152859e-01
5.871632939480924129e+00 2.693348638532597206e-01
5.877914823986006176e+00 2.545990487782928136e-01
5.884196626054889023e+00 2.479554571453791989e-01
5.890479074317132913e+00 2.523634633864695331e-01
5.896763574100915228e+00 2.382758391904346573e-01
5.903046036848450306e+00 2.270159515946637008e-01
5.909328377713869429e+00 2.262003300082907065e-01
5.915613028288355224e+00 2.251788377149896714e-01
5.921894409622731281e+00 2.150759315001240513e-01
5.928177134794152536e+00 2.078956452078173922e-01
5.934464774883918992e+00 2.102760934757461342e-01
5.940751250578068188e+00 2.054555906798190834e-01
5.947033452245725549e+00 1.987228566413837549e-01
5.953312775740306151e+00 1.917248427826299673e-01
5.959594106507988265e+00 1.952557604277923575e-01
5.965876424548630652e+00 1.906537798978197307e-01
5.972161112468720390e+00 1.856132827570395605e-01
5.978446099492319199e+00 1.828507139980816432e-01
5.984727467931779010e+00 1.842183002322718144e-01
5.991012985181142447e+00 1.790432136535477781e-01
5.997297612744741713e+00 1.761597151865815503e-01
6.003577416164464609e+00 1.762253471997606291e-01
6.009860806138807909e+00 1.754276370028127752e-01
6.016144510375737831e+00 1.738755332853187674e-01
6.022426254013592661e+00 1.709863813775892860e-01
6.028706803290871719e+00 1.728704724846426011e-01
6.034987951204773715e+00 1.712999070817613212e-01
6.041274067685003857e+00 1.688400906920199396e-01
6.047558134944117647e+00 1.688611144031667566e-01
6.053840825089524813e+00 1.708591528138709015e-01
6.060125328398456190e+00 1.704552358969952941e-01
6.066409969294784155e+00 1.693768735515140123e-01
6.072694327029352301e+00 1.695673125665062009e-01
6.078974651295977694e+00 1.716295617441057908e-01
6.085257277597498238e+00 1.715255048019660444e-01
6.091541245232643398e+00 1.725394936859401263e-01
6.097826243439735450e+00 1.746101423382116213e-01
6.104111770776667889e+00 1.758303353790425516e-01
6.110396747466277034e+00 1.768374558601046032e-01
6.116679071538609236e+00 1.766540630729240557e-01
6.122958529493147672e+00 1.815716651388553093e-01
6.129240445810509641e+00 1.819233006365594263e-01
6.135524780557309654e+00 1.849857654101552396e-01
6.141807474577858805e+00 1.866739564078808700e-01
6.148089386189230510e+00 1.916432699932074379e-01
6.154375713159891070e+00 1.952493615792623705e-01
6.160661139581105950e+00 1.998274884897121573e-01
6.166941022971138331e+00 2.007128066019524815e-01
6.173222562097184785e+00 2.059799769665629221e-01
6.179507647741183440e+00 2.119973455093688286e-01
6.185789356936125749e+00 2.153044014206922929e-01
6.192072249861043431e+00 2.196358205837165567e-01
6.198356783359496802e+00 2.268378126200985001e-01
6.204641274559973496e+00 2.342634327226228164e-01
6.210924271106035732e+00 2.396766448866715082e-01
6.217206768102415460e+00 2.464116929259977384e-01
6.223486202302879633e+00 2.524909903976082504e-01
6.229767722260432627e+00 2.637441541688129165e-01
6.236054214854060085e+00 2.687560553817664455e-01
6.242340046436461343e+00 2.771335762959955540e-01
6.248623268972994360e+00 2.907071669652304680e-01
6.254906079998900026e+00 2.959649832240795475e-01
6.261190798611801611e+00 3.104104141626582436e-01
6.267470893840453527e+00 3.259622959972974243e-01
6.273752395561465356e+00 3.404951131028289280e-01
6.280038415116336203e+00 3.584957438336970892e-01
6.286322359143823313e+00 3.685455018254487625e-01
6.292605930180390494e+00 3.820138260010098041e-01
6.298890629102372074e+00 3.951142693879386436e-01
6.305171573266470375e+00 4.231467724927652219e-01
6.311455101240412091e+00 4.332150796354856115e-01
6.317739752668598996e+00 4.674980918768200655e-01
6.324019791664828638e+00 4.816880111195850911e-01
6.330300090404453961e+00 5.173615690862654048e-01
6.336582976227302488e+00 5.454147340884502038e-01
6.342866512790590328e+00 5.604716668887254061e-01
6.349149664171966911e+00 5.936082298483619235e-01
6.355436214245748339e+00 6.524537205651540495e-01
6.361722100221464338e+00 6.648917418768569565e-01
6.368004157429771439e+00 7.375823300269563898e-01
6.374285543992137093e+00 7.557427046820912597e-01
6.380569360201161722e+00 7.921269755178628191e-01
6.386853196179592906e+00 8.350985062822691152e-01
6.393134053012607509e+00 9.530694534208928870e-01
6.399418824019404539e+00 9.741274095329197635e-01
6.405704396360532904e+00 9.872188587505704715e-01
6.411984928491945013e+00 1.000964940077014642e+00
6.418265745466296579e+00 1.146174228125051542e+00
6.424549958658937854e+00 1.096609804165417756e+00
6.430834939158401653e+00 1.079646776432078292e+00
