8.899641653093008295e-03 3.416017385629507519e+00
1.539332528288165670e-02 4.011436038547091520e+00
2.155046762996598239e-02 3.866096496582031250e+00
2.783660762585126597e-02 3.404964870876736605e+00
3.439928854529101382e-02 2.870120708759014594e+00
4.083988908678293228e-02 2.429069757461547852e+00
4.696089820801348236e-02 2.127629996037137872e+00
5.319831544433587661e-02 1.925627572195870441e+00
5.953007160048735813e-02 1.781421219675164425e+00
6.593106050382960270e-02 1.655275656960227382e+00
7.211112823241795644e-02 1.526013809595352599e+00
7.840743265709380905e-02 1.372548281326743558e+00
8.486374147573563786e-02 1.205781462658785275e+00
9.105720993371453631e-02 1.060328177829156671e+00
9.723119438183111529e-02 9.377420594262294573e-01
1.035474523099094157e-01 8.440807968148681395e-01
1.098380096325790867e-01 7.807755475186662908e-01
1.160878800454857029e-01 7.381911697315515219e-01
1.223769048302436324e-01 7.048965168594075736e-01
1.287591547856025143e-01 6.685393009418997279e-01
1.350589943281513827e-01 6.261248121599684024e-01
1.412290290659165837e-01 5.784840028277609125e-01
1.475161690700088069e-01 5.277163252871260868e-01
1.537996369822966225e-01 4.787304872555157020e-01
1.601026478659483554e-01 4.378523982547296578e-01
1.664508001660549019e-01 4.069506562624943258e-01
1.727583237560037233e-01 3.842049535089304135e-01
1.790245845132147351e-01 3.677894770858555207e-01
1.852702546080971790e-01 3.536599860299756148e-01
1.914887492119529966e-01 3.394936859292328468e-01
1.977904085892937536e-01 3.225396806937480543e-01
2.041115446406587541e-01 3.032642664976665792e-01
2.104256850836569714e-01 2.828945312499999698e-01
2.167058561960866769e-01 2.634813161759125277e-01
2.229761248051159717e-01 2.465531117726428856e-01
2.292828550697881274e-01 2.322212559819989697e-01
2.355310205895554676e-01 2.210825859348192757e-01
2.418144967727207939e-01 2.121032356388481144e-01
2.481043196360692704e-01 2.042824402261080308e-01
2.543667409246888611e-01 1.966032213981371013e-01
2.606678092543103231e-01 1.883188538347583818e-01
2.669430136113040697e-01 1.790352163020323406e-01
2.732519464783976226e-01 1.698507035849017577e-01
2.795627339315375770e-01 1.608879230982647457e-01
2.858373502475139438e-01 1.524538083236912367e-01
2.920953075698756729e-01 1.450677070978222405e-01
2.983525092968341563e-01 1.386011638525988243e-01
3.046702740008471189e-01 1.330955282457587097e-01
3.109590627528140416e-01 1.280338649770869919e-01
3.172239916515500191e-01 1.232085673812794296e-01
3.235299724572279767e-01 1.184958876375547532e-01
3.298388395071043533e-01 1.136314100472710503e-01
3.361383844359337458e-01 1.086640477779522579e-01
3.423877713306480719e-01 1.038607710006124174e-01
3.486623155692267217e-01 9.930806196596582425e-02
3.549448882949312045e-01 9.494174996155921309e-02
3.611996781549324798e-01 9.095663221938467269e-02
3.674875026172954029e-01 8.742439519770378586e-02
3.737698636248200090e-01 8.410648397555541000e-02
3.800714314497639634e-01 8.097671610711593138e-02
3.863585763589229560e-01 7.794002510688563534e-02
3.926354401118986037e-01 7.485456810964367935e-02
3.989457585494922132e-01 7.192027511516178861e-02
4.052156663313305485e-01 6.896880660132274909e-02
4.115034152883392804e-01 6.620547915839132547e-02
4.177905076349040514e-01 6.345508931136453756e-02
4.240487051047501788e-01 6.096384439764020169e-02
4.303463415118498614e-01 5.851594199709690691e-02
4.366358695421740932e-01 5.633378742528093175e-02
4.429029287921816826e-01 5.419386275967221639e-02
4.491680252572889942e-01 5.223448398835375123e-02
4.554486850820457788e-01 5.014698859614423465e-02
4.617725565885423267e-01 4.818545205236682977e-02
4.680757412093953795e-01 4.630323187336491536e-02
4.743564916629640638e-01 4.449592803112425304e-02
4.806425428564732871e-01 4.266378597847800269e-02
4.869129233098823395e-01 4.097967245205377806e-02
4.931745196394184405e-01 3.943669193435709458e-02
4.994506890543656263e-01 3.787969127220380122e-02
5.057241638978529075e-01 3.637620236660188411e-02
5.120042719980517631e-01 3.493029453719832117e-02
5.183192340646139984e-01 3.356823434255817168e-02
5.246161892892522438e-01 3.228334841740974209e-02
5.308869673046785476e-01 3.096844015023230909e-02
5.371637224096752483e-01 2.970690815299710519e-02
5.434652729571635144e-01 2.852874099644144706e-02
5.497524178004593587e-01 2.741913377192982740e-02
5.559970921381958142e-01 2.621134129249634570e-02
5.622866379023159222e-01 2.519706846985696538e-02
5.686033203527380842e-01 2.415131437724229654e-02
5.748823709563090079e-01 2.315136767152739181e-02
5.811585199734176088e-01 2.217780628508269139e-02
5.874446517276211699e-01 2.129259120964931834e-02
5.937246335834056588e-01 2.040621467526478050e-02
6.000023445208265693e-01 1.953551307025826189e-02
6.062700655927123483e-01 1.871141907911993973e-02
6.125564878198721530e-01 1.797905253058957459e-02
6.188675697062213654e-01 1.716948021099534705e-02
6.251436203714340056e-01 1.641725420321268891e-02
6.314092032308914471e-01 1.572446726898891339e-02
6.377070744462735030e-01 1.507009348250046114e-02
6.439915699782213787e-01 1.439160252007432028e-02
6.502746657481665027e-01 1.373104476866546415e-02
6.565654463687421449e-01 1.318284795362873948e-02
6.628457378217490481e-01 1.256014994351399919e-02
6.691273712706959920e-01 1.200327896291500905e-02
6.754135024521100705e-01 1.145694698463333924e-02
6.816942288653291548e-01 1.094024862506293161e-02
6.879707219643064198e-01 1.047585703992424434e-02
6.942401964891569133e-01 9.963514390070914509e-03
7.005213539313046578e-01 9.510684087583778923e-03
7.068163049835881617e-01 9.083614942211250265e-03
7.131046379544038194e-01 8.661730354345037117e-03
7.193979933183044517e-01 8.247856429883944004e-03
7.256912769458278012e-01 7.845310764458343286e-03
7.319732112087881104e-01 7.515210417797120283e-03
7.382575498732680819e-01 7.118901800952730750e-03
7.445309219837563663e-01 6.788124161495145796e-03
7.507908721544984676e-01 6.452437619492274422e-03
7.570762748651901353e-01 6.168838593034866279e-03
7.633652442780797243e-01 5.852354547420579936e-03
7.696523768503739094e-01 5.556363241359418489e-03
7.759443911184177312e-01 5.298141610842016860e-03
7.822388793759307291e-01 5.017088778738959011e-03
7.885422505712965657e-01 4.775998675803199908e-03
7.947958170677573708e-01 4.549229192417341729e-03
8.010501857211035359e-01 4.324689636867604277e-03
8.073371699120777123e-01 4.099100359688553734e-03
8.136256953004623593e-01 3.890697844801867169e-03
8.199185768310989220e-01 3.688074708210297651e-03
8.261975950269245805e-01 3.521549210217915678e-03
8.324916626456120294e-01 3.321008724598935834e-03
8.387980487119468531e-01 3.154620372280900458e-03
8.450681625339854230e-01 3.002085290375885052e-03
8.513326310877129544e-01 2.854688540110728468e-03
8.576229699198910650e-01 2.698228393503706180e-03
8.639079722665760075e-01 2.564763183037485194e-03
8.701845317394016899e-01 2.445048154117263669e-03
8.764647451447489246e-01 2.328936717362589236e-03
8.827524554796379874e-01 2.216342634349828360e-03
8.890360933084631156e-01 2.114246059721425035e-03
8.953122302139767674e-01 2.028359947397652061e-03
9.015989135410911182e-01 1.935750154659389433e-03
9.078856597069530077e-01 1.857337084086806448e-03
9.141777176955673267e-01 1.793539428551399473e-03
9.204705311210197305e-01 1.736368055398911222e-03
9.267502199878263625e-01 1.689550703501048164e-03
9.330346272813238029e-01 1.642779392519209437e-03
9.393297286529698198e-01 1.617901641420299401e-03
9.456020466528652912e-01 1.603927251345942540e-03
9.518687891863797379e-01 1.590022003336919679e-03
9.581418737840891042e-01 1.593976796655745265e-03
9.644369887048810375e-01 1.603867943019464956e-03
9.707375181351720617e-01 1.633312352669230453e-03
9.770097663529486720e-01 1.680341076341446528e-03
9.832835755838400527e-01 1.727652873193264100e-03
9.895569992810110405e-01 1.794729867991818511e-03
9.958480710782616763e-01 1.869733313352931435e-03
1.002138575493429995e+00 1.973074987069738020e-03
1.008406592376542843e+00 2.085677373805716606e-03
1.014697842972237973e+00 2.219305552485343908e-03
1.020995892874764666e+00 2.360531469600686376e-03
1.027276368069287793e+00 2.553475775598659878e-03
1.033563189136701643e+00 2.745903162284701795e-03
1.039851148620366539e+00 2.966031913901151420e-03
1.046127943161246687e+00 3.185624723622345819e-03
1.052404895272092133e+00 3.451323248350887662e-03
1.058683000430492127e+00 3.745382756512579802e-03
1.064967127327474117e+00 4.067160223833148416e-03
1.071258688161570438e+00 4.405645336939350253e-03
1.077544330604543799e+00 4.765185085460331427e-03
1.083828423436568711e+00 5.197716995563384998e-03
1.090113342297217791e+00 5.653810195773469049e-03
1.096393171946581147e+00 6.107299105365181918e-03
1.102683425690332397e+00 6.625237275402266063e-03
1.108964675464843452e+00 7.180888312482710568e-03
1.115226705913353378e+00 7.746046702015491232e-03
1.121503167812783808e+00 8.406901626828826302e-03
1.127793382225193985e+00 9.056732353330118265e-03
1.134092036465484288e+00 9.847641884303788909e-03
1.140366923395659482e+00 1.065446736131833716e-02
1.146641931784804447e+00 1.149769178253714705e-02
1.152944617322677390e+00 1.243489790235090438e-02
1.159230356871362666e+00 1.342399963681359387e-02
1.165510994903905084e+00 1.439162307447527066e-02
1.171794297100004156e+00 1.538815478811515064e-02
1.178088255559602393e+00 1.666826629168186025e-02
1.184371772446566995e+00 1.791185372967514164e-02
1.190639487122887363e+00 1.921975409095987367e-02
1.196916336380001056e+00 2.056360882236054136e-02
1.203204375371396573e+00 2.185276231182807505e-02
1.209488225901738323e+00 2.383673832965939321e-02
1.215765679709200020e+00 2.518338878778905721e-02
1.222058041744503942e+00 2.689702560597235365e-02
1.228350115998196657e+00 2.899725668310913773e-02
1.234637679107109420e+00 3.101896614580115785e-02
1.240908145406735441e+00 3.320605332548814959e-02
1.247180835746598104e+00 3.522150880402740575e-02
1.253468531500335770e+00 3.756423950622467950e-02
1.259751636995439350e+00 3.989698033589656606e-02
1.266035077425267108e+00 4.271895035658639789e-02
1.272321570618527797e+00 4.568136456774588017e-02
1.278608208280544778e+00 4.817469571400925105e-02
1.284887298154571367e+00 5.185685890775770801e-02
1.291176964274221017e+00 5.523931471551171701e-02
1.297469848393144831e+00 5.894296089083621293e-02
1.303745183221867832e+00 6.211158124338848896e-02
1.310019952103037566e+00 6.640268447918766526e-02
1.316304889985511428e+00 7.047052311827080306e-02
1.322589692250816240e+00 7.458654977651051066e-02
1.328868076233011619e+00 7.998300060060407890e-02
1.335146302472670188e+00 8.553954440210088939e-02
1.341442338921303268e+00 9.106930872442703384e-02
1.347732504022160827e+00 9.688171995490132971e-02
1.354002360904259961e+00 1.038418816868651867e-01
1.360285090555885645e+00 1.096010395434335039e-01
1.366569991348876023e+00 1.172826703971216467e-01
1.372854357884312648e+00 1.245304125788454647e-01
1.379136732473180915e+00 1.339661923745065208e-01
1.385410660878153122e+00 1.411097865153916053e-01
1.391699780091347760e+00 1.506460820518008836e-01
1.397986514487977949e+00 1.598661638187687806e-01
1.404269431125305445e+00 1.727957950504324380e-01
1.410558481592738334e+00 1.862395593682054928e-01
1.416841921169897933e+00 1.984788765652197029e-01
1.423120638450376285e+00 2.160044345436375746e-01
1.429399525711986918e+00 2.307928436929543303e-01
1.435687195920436032e+00 2.469331233924534352e-01
1.441978909597384506e+00 2.664848628738059610e-01
1.448256353182435952e+00 2.846922684738176779e-01
1.454533979889224504e+00 3.068578473556409225e-01
1.460823291195719742e+00 3.334914390740849610e-01
1.467115297699349785e+00 3.593138844360244666e-01
1.473396431849603117e+00 3.937702283556594463e-01
1.479672187129404293e+00 4.351865219019362407e-01
1.485957336950811003e+00 4.722243223108034682e-01
1.492235428844137068e+00 5.254928287572764312e-01
1.498505563158792242e+00 5.709040726477613292e-01
1.504788033368229971e+00 6.204430091469234076e-01
1.511077562324459223e+00 6.709927033637795857e-01
1.517363063341846008e+00 7.380058926848677148e-01
1.523653270341324806e+00 8.103867272280078637e-01
1.529942912799504340e+00 9.462181752941019042e-01
1.536231829420274808e+00 1.056483529303839486e+00
1.542513327069792606e+00 1.223868297176686548e+00
1.548785556440221534e+00 1.383577061171783473e+00
1.555073465503286512e+00 1.571809525842882804e+00
1.561358245907146003e+00 1.776726367277450480e+00
1.567631451431686029e+00 2.036321734531453487e+00
1.573918013544226335e+00 2.416236089282092880e+00
1.580207648268701970e+00 2.722170769223036135e+00
1.586489494063065386e+00 3.627878242200972991e+00
1.592763080732128689e+00 4.435532643318031987e+00
1.599049662621118140e+00 4.241507269256185708e+00
1.605345053337696948e+00 4.641652558807816575e+00
1.611620459129566862e+00 7.506926686032285943e+03
1.617898365736541777e+00 4.947441848461496150e+00
1.624184845436249969e+00 5.408489268056967170e+00
1.630466505740439054e+00 4.605305785593007961e+00
1.636751035144561328e+00 3.657452447149172947e+00
1.643032775792161226e+00 3.155795924686796372e+00
1.649311205731157637e+00 2.684536619229434429e+00
1.655595559618384449e+00 2.306036596938612071e+00
1.661881635856505390e+00 2.051710845885175161e+00
1.668171353955333336e+00 1.842306499962866440e+00
1.674453350850270361e+00 1.649686861328638843e+00
1.680725924646356395e+00 1.462257768757621923e+00
1.687014542692673036e+00 1.287267825292317092e+00
1.693310190593907416e+00 1.135241423094513369e+00
1.699585582287156615e+00 1.049482039446809845e+00
1.705866511081394421e+00 9.311781408305278562e-01
1.712160676675390514e+00 8.665438472539984671e-01
1.718444821026641867e+00 7.891389086696355415e-01
1.724722780324677629e+00 7.334973977360568220e-01
1.730998407906060743e+00 6.809031702953642906e-01
1.737287228726877686e+00 6.367118634741133487e-01
1.743568303176275425e+00 5.915428851631265861e-01
1.749841689593745420e+00 5.481996216446719528e-01
1.756129388522271517e+00 5.124876864531894283e-01
1.762415116633644363e+00 4.754304075431697307e-01
1.768698244482999726e+00 4.521611211482485237e-01
1.774980086402522028e+00 4.288611477276131345e-01
1.781265981096536777e+00 4.043989300828839117e-01
1.787550624457374449e+00 3.849187038256559612e-01
1.793835833491845833e+00 3.659689156655804854e-01
1.800117311233924822e+00 3.508886176345191177e-01
1.806395490080128896e+00 3.350216099243478185e-01
1.812674669631440416e+00 3.180101172194038650e-01
1.818957879507353992e+00 3.062628151192824388e-01
1.825245306758315422e+00 2.950659197879625384e-01
1.831528271693480647e+00 2.831180846799495887e-01
1.837812827050599118e+00 2.754512586278408115e-01
1.844103367940866489e+00 2.644448060176012860e-01
1.850386948924649388e+00 2.566709640874172416e-01
1.856666935595761014e+00 2.506645497881452300e-01
1.862948995952047992e+00 2.422844987424588314e-01
1.869230662203537285e+00 2.399803604042043681e-01
1.875518523852231834e+00 2.323294246817848296e-01
1.881801828956604083e+00 2.286664955604883198e-01
1.888079605905484737e+00 2.256217000403977768e-01
1.894354917179238207e+00 2.212142225226694514e-01
1.900643508338552223e+00 2.215849480673460214e-01
1.906933681097740418e+00 2.161850668378883789e-01
1.913208537729330194e+00 2.183125268643885675e-01
1.919491876081842907e+00 2.164583535413869553e-01
1.925778583551117418e+00 2.162758346876871296e-01
1.932066442879381896e+00 2.175287294538650607e-01
1.938345779800252577e+00 2.138608690640557974e-01
1.944621163117130624e+00 2.243121711715746203e-01
1.950906419736068598e+00 2.188929697398699359e-01
1.957194922928259695e+00 2.259102954562942633e-01
1.963480698366232735e+00 2.286556801855207099e-01
1.969761129083444473e+00 2.286190220306218712e-01
1.976050304691988391e+00 2.415012938297360079e-01
1.982339908457910083e+00 2.369348323402444279e-01
1.988618349245825812e+00 2.529152897687606538e-01
1.994897766502643721e+00 2.540607312577459753e-01
2.001180771161680028e+00 2.595263304243668467e-01
2.007460336186321026e+00 2.789231419050618999e-01
2.013738753216055777e+00 2.714399019623057185e-01
2.020018986124832772e+00 3.050980058526691074e-01
2.026310836118350167e+00 2.988441947515499408e-01
2.032601207862052561e+00 3.192464215228636437e-01
2.038875504895327317e+00 3.360439177770334074e-01
2.045155551699306962e+00 3.296973009548407885e-01
2.051445731990026999e+00 3.839717820149746164e-01
2.057731375213294633e+00 3.649698124912857389e-01
2.064016423384301913e+00 4.188975795189268658e-01
2.070302827783211619e+00 4.200201276305962073e-01
2.076590615358942848e+00 4.396086904267639817e-01
2.082865814675600280e+00 5.050085250331417530e-01
2.089135078390696343e+00 4.731013970182139650e-01
2.095424699602885799e+00 5.823344317373015944e-01
2.101708259047597949e+00 5.567258531136634048e-01
2.107987807301212158e+00 6.222499904700455886e-01
2.114274337075186416e+00 6.764570727302116060e-01
2.120555211422834319e+00 6.206700540631272522e-01
2.126838540980260372e+00 8.619554695902578167e-01
2.133123767198004117e+00 7.529498731244788079e-01
2.139413031894335848e+00 9.791151418520417371e-01
2.145698041890389263e+00 9.496311202939979879e-01
2.151974340624452253e+00 1.010497449621352795e+00
2.158260630891077003e+00 1.292222697553251365e+00
2.164546658731809625e+00 1.079690865057578275e+00
2.170832823837292480e+00 1.609041549195614040e+00
2.177115967197242430e+00 1.364528448287320783e+00
2.183389032615354441e+00 1.789252836107985134e+00
2.189670975244353279e+00 1.894436346285006678e+00
2.195960831894089527e+00 1.642986118433985343e+00
2.202245817416866203e+00 3.120103807573676225e+00
2.208524601220368755e+00 2.170756867720938121e+00
2.214805589383115780e+00 3.990462526942104571e+00
2.221093631642824917e+00 2.939917675064471325e+00
2.227374275520719316e+00 4.207913897405623160e+00
2.233658333286540287e+00 4.905051295448722648e+00
2.239946072329966231e+00 3.828586356387779777e+00
2.246226850917138140e+00 9.166713147757578284e+00
2.252506781988718565e+00 5.888953829257378203e+00
2.258783643789477491e+00 1.298676889840289661e+01
2.265069381259946724e+00 7.487927696944070455e+00
2.271351266578538919e+00 5.226608970564001311e+00
2.277635010148555850e+00 7.741859372148312104e+03
2.283922963308533394e+00 7.884548281649682799e+00
2.290204538958168001e+00 1.450336765113076076e+01
2.296492854789115245e+00 6.161124477950655987e+00
2.302773836462560286e+00 6.544246256374154136e+00
2.309052848528886148e+00 7.125454107245730029e+00
2.315340397783157922e+00 3.857519679035228855e+00
2.321629550362612981e+00 5.905757768149714870e+00
2.327914834812394584e+00 3.262381967995374499e+00
2.334189028016975698e+00 3.801852052983805574e+00
2.340468735514670495e+00 3.269718448648846643e+00
2.346757573269963704e+00 2.243220861203870431e+00
2.353046701279460251e+00 3.078137185998004899e+00
2.359329919851476554e+00 1.929117527450183056e+00
2.365603805485394950e+00 2.137417754363450939e+00
2.371887442159951398e+00 1.855886569241475437e+00
2.378175480496420580e+00 1.424684539515049364e+00
2.384455602231496218e+00 1.865064734299517024e+00
2.390737631861327372e+00 1.312132462982199543e+00
2.397015688929587718e+00 1.451412631631957106e+00
2.403297559533717376e+00 1.231337590415913175e+00
2.409586419743307228e+00 1.088820310404934322e+00
2.415875314660682172e+00 1.175905327753812735e+00
2.422164535679191655e+00 9.289061697538261164e-01
2.428442137972055104e+00 1.014829772752527948e+00
2.434719213815070837e+00 8.678732794559471664e-01
2.441002915255427563e+00 8.373983578879347078e-01
2.447292244015294216e+00 8.327550236082135182e-01
2.453574548397714494e+00 7.175236636490126552e-01
2.459853950840888093e+00 7.820301929925509432e-01
2.466141393364139400e+00 6.774265940138934905e-01
2.472424340910468477e+00 6.739490555926421766e-01
2.478699559716526224e+00 6.440499063404782065e-01
2.484981956405843295e+00 5.843216846679485377e-01
2.491271774374293368e+00 6.195266568477103553e-01
2.497550925125272325e+00 5.579793088239896059e-01
2.503833126215876170e+00 5.620470026225176108e-01
2.510118697329297710e+00 5.393404650267644707e-01
2.516402124721602629e+00 5.228916501309784914e-01
2.522689938852853420e+00 5.294782376930861068e-01
2.528973288009538134e+00 4.888440645883350144e-01
2.535253600549877362e+00 5.177383644795472417e-01
2.541538941914911476e+00 4.927472824315475841e-01
2.547825021627405206e+00 4.857060509187676733e-01
2.554103008122937002e+00 4.861966794044583207e-01
2.560378237915397648e+00 4.842504003010647540e-01
2.566669017775174755e+00 5.013583157716551275e-01
2.572956571054420216e+00 4.802848116756711638e-01
2.579236104287966125e+00 4.953996380383624554e-01
2.585522655546601989e+00 5.196312424765399118e-01
2.591808172184224546e+00 5.140785170560080442e-01
2.598087543498381002e+00 5.207963656906743344e-01
2.604361437550918978e+00 5.468940594417863732e-01
2.610647591905687293e+00 5.783878405850804150e-01
2.616933270352379548e+00 5.747110660463783383e-01
2.623207934884185466e+00 5.620828415053730209e-01
2.629492944384940412e+00 6.559369867659875508e-01
2.635779602277390499e+00 6.706484504514782508e-01
2.642061794567720945e+00 6.859352019681834722e-01
2.648344685049869529e+00 6.885519924518631596e-01
2.654633852395646088e+00 8.325436563537053081e-01
2.660920832685793602e+00 8.777703397141417563e-01
2.667200003651473139e+00 8.583451732182907357e-01
2.673485665061926309e+00 9.376178420027045934e-01
2.679774189917022653e+00 1.130183239930974803e+00
2.686059197445316293e+00 1.173940501716012275e+00
2.692340742040600254e+00 1.095196995723047850e+00
2.698619785325931719e+00 1.346377332132641325e+00
2.704896067289608741e+00 1.663640541662976702e+00
2.711176296267862273e+00 1.820035696670618597e+00
2.717460477624493720e+00 1.431217184917799035e+00
2.723746785600710485e+00 2.419586155016496321e+00
2.730040839622854598e+00 2.733178671367785029e+00
2.736320462271965681e+00 2.976742952588456781e+00
2.742593167856604897e+00 2.160271187800225423e+00
2.748880654965284887e+00 4.116157813828091427e+00
2.755164406907204988e+00 4.910752078468237691e+00
2.761447966179410241e+00 5.989134298295847536e+00
2.767734949986044413e+00 4.061034144212937846e+00
2.774018204230510154e+00 7.980287066179076128e+00
2.780299459131881701e+00 6.318656106555210705e+00
2.786578380850841974e+00 3.571776028039010271e+03
2.792858749059577761e+00 4.445068047907144937e+00
2.799144688897090116e+00 8.696759546485406389e+00
2.805431744286055018e+00 7.191499850194746912e+00
2.811716466586489993e+00 3.202581859732509972e+00
2.817990514261363710e+00 5.278862655229946910e+00
2.824271178017407902e+00 4.232450900356374390e+00
2.830565310473360352e+00 3.407452292410056316e+00
2.836850361681537702e+00 2.192984648061095498e+00
2.843131259198828698e+00 3.004975518892200714e+00
2.849415373186487965e+00 2.534041162727889596e+00
2.855698064670956882e+00 1.878532448951446776e+00
2.861978975302818640e+00 1.731065568549077005e+00
2.868263635614905827e+00 1.813058897437287209e+00
2.874548572895146759e+00 1.537775802294212957e+00
2.880833509046437424e+00 1.129156783084101834e+00
2.887115914775806313e+00 1.372909338864214845e+00
2.893396211301912935e+00 1.229499640394011051e+00
2.899675259048415388e+00 1.066132491807076699e+00
2.905955807169823046e+00 9.323410646877496877e-01
2.912242784565592046e+00 1.027202558848333336e+00
2.918528489082492516e+00 9.282632230298012432e-01
2.924812236943901578e+00 8.015241534153401126e-01
2.931097264553834236e+00 7.719646188689618382e-01
2.937379046647154990e+00 7.822592635512302106e-01
2.943662417245681340e+00 7.204243667157905762e-01
2.949948997849719756e+00 6.548161239336596218e-01
2.956228453902073561e+00 6.720313177489452006e-01
2.962510840116227673e+00 6.481841560587511264e-01
2.968797192440125965e+00 6.101751963884357588e-01
2.975078489423049533e+00 5.737701127428459502e-01
2.981360447198230457e+00 6.015782534238104384e-01
2.987647323528414223e+00 5.779351678550050941e-01
2.993932064934300641e+00 5.473480653398596907e-01
3.000209551562139421e+00 5.402121939671480355e-01
3.006487470944601892e+00 5.502842986575687823e-01
3.012770586989486521e+00 5.398922697470861509e-01
3.019055028984091837e+00 5.306328493172407512e-01
3.025339593109035885e+00 5.385629662215261071e-01
3.031624651041083141e+00 5.497505190462960156e-01
3.037909525040372927e+00 5.462808570762548444e-01
3.044196264475506730e+00 5.476581456731718367e-01
3.050477886447245712e+00 5.695851036384033117e-01
3.056756711732924625e+00 5.781613383099815096e-01
3.063041213115731409e+00 5.880315167241632057e-01
3.069324013399330031e+00 6.066199121178685871e-01
3.075611272807551533e+00 6.282355496378086990e-01
3.081895489281643030e+00 6.517716682184001575e-01
3.088176199887292306e+00 6.861160854431191947e-01
3.094459112917897325e+00 7.110262802756344147e-01
3.100744234350492956e+00 7.685738565143497292e-01
3.107029324214496846e+00 8.018128306166948382e-01
3.113310425776543600e+00 8.488891339237486511e-01
3.119592029507459507e+00 8.802830581424062606e-01
3.125875559417674587e+00 9.424678292266105428e-01
3.132160147770352676e+00 9.894470951850173890e-01
3.138440210879888337e+00 1.129692717342962505e+00
3.144724491651683440e+00 1.202478860730000765e+00
3.151004924765398840e+00 1.362929868397866784e+00
3.157285342196649136e+00 1.458024300179278088e+00
3.163570603826113992e+00 1.605839482485820424e+00
3.169852350185627277e+00 1.804775828643077951e+00
3.176138770387999966e+00 2.055379471526275204e+00
3.182422419512343836e+00 2.235635539108712155e+00
3.188703671424619746e+00 2.612743652329288846e+00
3.194991280550246948e+00 2.961266001689118355e+00
3.201276738120839127e+00 3.663094265672902416e+00
3.207553033218304872e+00 4.554749529319306767e+00
3.213836161597863672e+00 2.994680618492342905e+00
3.220123259784395398e+00 2.121901031050306301e+03
3.226407551420531483e+00 4.015867950468154035e+00
3.232689305629245613e+00 4.526015095152663648e+00
3.238971071582136041e+00 3.673209550024150172e+00
3.245255685894246067e+00 3.153525898376519532e+00
3.251535715250951863e+00 2.796666070370478430e+00
3.257819502328903827e+00 2.448047481517831692e+00
3.264103492610594071e+00 2.235922590831694201e+00
3.270384810144397303e+00 1.990462647304046317e+00
3.276670428022039783e+00 1.885214884895092036e+00
3.282955566270326919e+00 1.755335156919810791e+00
3.289237716703969916e+00 1.619667229299991851e+00
3.295520653962330293e+00 1.506469388380814678e+00
3.301807644101458550e+00 1.409416458373389691e+00
3.308089302529158449e+00 1.363794214973942154e+00
3.314368987794545252e+00 1.279955161077711789e+00
3.320652691368451315e+00 1.252771501049415814e+00
3.326932422871479833e+00 1.210498699885689922e+00
3.333218115701501727e+00 1.190983458400291406e+00
3.339505861603602188e+00 1.168487850014506391e+00
3.345788344868127595e+00 1.160455673935019805e+00
3.352073190624765164e+00 1.147314877395529065e+00
3.358352694183646125e+00 1.170423613853543987e+00
3.364631227903127186e+00 1.166648529894305231e+00
3.370918965384773536e+00 1.155156187557543790e+00
3.377201513381668629e+00 1.176027752561276118e+00
3.383485934595764633e+00 1.240220949375583803e+00
3.389772491671652066e+00 1.250917485141636476e+00
3.396053991719500509e+00 1.263414029910460590e+00
3.402334005192525712e+00 1.290256384643739596e+00
3.408611853508482170e+00 1.399569894628382327e+00
3.414897839864825535e+00 1.446111137683616876e+00
3.421181285155862728e+00 1.478506314472852301e+00
3.427465364374100876e+00 1.504105579125634140e+00
3.433754096688785840e+00 1.651045036642238673e+00
3.440035356242748144e+00 1.757278009938830543e+00
3.446315808169163386e+00 1.791977439690589424e+00
3.452602963757077426e+00 1.846495353543860407e+00
3.458885619127623823e+00 2.059187498980677766e+00
3.465165758924614980e+00 2.313626019864319705e+00
3.471451503231973046e+00 2.373491428198943876e+00
3.477736678957558336e+00 2.433977925073152804e+00
3.484022358005950615e+00 2.580097955532826060e+00
3.490300354914448899e+00 3.261266953971172722e+00
3.496585015994501777e+00 3.143527269427573323e+00
3.502870831105572069e+00 3.261041551144229889e+00
3.509147722814735637e+00 3.446184276136051050e+00
3.515429662141086098e+00 4.853381288891216450e+00
3.521712008697834850e+00 4.683523368989403579e+00
3.527993736944767811e+00 4.834634809281775247e+00
3.534279159635547618e+00 5.285533001304184353e+00
3.540566564128809546e+00 7.771106505975355461e+00
3.546847878650843722e+00 7.333764968595533063e+00
3.553133555247947939e+00 7.689922615303892428e+00
3.559420214763478363e+00 8.470848697491824453e+00
3.565699480408631494e+00 1.369794397770455596e+01
3.571981368517234134e+00 1.338540843297485416e+01
3.578268698423837879e+00 1.394819293348397160e+01
3.584550774530670392e+00 1.478383384375849197e+01
3.590828935987784298e+00 1.840815890697092883e+01
3.597110718088889492e+00 7.025187547003638429e+03
3.603396512424406506e+00 1.651626179593664290e+01
3.609676747082802173e+00 1.734744187641948088e+01
3.615957977992316330e+00 1.501072402011593709e+01
3.622243580426721010e+00 1.709387559464608941e+01
3.628522628462809596e+00 1.043632279461041712e+01
3.634808120005133425e+00 8.993695243163115194e+00
3.641096965386622752e+00 8.109095266195405216e+00
3.647384913781243299e+00 9.361644599658271559e+00
3.653666753133836043e+00 6.903200642909495421e+00
3.659947726352769770e+00 6.033508849630103477e+00
3.666234893709818365e+00 5.488608174565163367e+00
3.672516996003137191e+00 5.653425500134538595e+00
3.678797940623468765e+00 4.981410136542510081e+00
3.685082198750683435e+00 4.285175138031791064e+00
3.691363013935667237e+00 3.939024823390215868e+00
3.697646206996081375e+00 3.805182568700710366e+00
3.703928900991629636e+00 3.905266920385573215e+00
3.710211472841704605e+00 3.445051170250911010e+00
3.716497167052446926e+00 3.183873199649550845e+00
3.722777172938726675e+00 3.063477216081847310e+00
3.729061287240359235e+00 3.177415161222904239e+00
3.735344545777875336e+00 2.994822584214414274e+00
3.741626449543836941e+00 2.784353010361469316e+00
3.747909505093512728e+00 2.778597044283814377e+00
3.754193016198873689e+00 2.786404984789924377e+00
3.760479637558913790e+00 2.773458389640815369e+00
3.766759446133269851e+00 2.685894808213441287e+00
3.773037643559592702e+00 2.653297599235897586e+00
3.779325182447645037e+00 2.766265700133216487e+00
3.785611241998332765e+00 2.724635623158582209e+00
3.791893886399857028e+00 2.877410824908342768e+00
3.798178379008452232e+00 2.740102084608664779e+00
3.804460597007844669e+00 3.116871235833970744e+00
3.810741293786842121e+00 2.978211520988079730e+00
3.817024656157668172e+00 3.357627513846872525e+00
3.823308984901775620e+00 3.257027131721288882e+00
3.829591178579501598e+00 3.616352707918307985e+00
3.835873668636422096e+00 3.728983181933294144e+00
3.842161045612500381e+00 3.893709618820789586e+00
3.848445733590433626e+00 4.385936282140862730e+00
3.854726100441019820e+00 4.119304823256889847e+00
3.861008152561713036e+00 5.712458134785856068e+00
3.867288667520160317e+00 4.972410589874593612e+00
3.873571407143857837e+00 6.953231040184959078e+00
3.879855154507281689e+00 6.145355843873839596e+00
3.886140680133453706e+00 8.725824080377082126e+00
3.892423554426630350e+00 7.548680203277460699e+00
3.898707135643554089e+00 1.095016830037889832e+01
3.904992757440263862e+00 1.003832701085812573e+01
3.911274451483945036e+00 1.394649825244618491e+01
3.917556732333046021e+00 1.547886112525536184e+01
3.923841166575323225e+00 1.481370916796217685e+01
3.930124816016721478e+00 2.304960302214611545e+01
3.936403665333011226e+00 1.037229234674045841e+01
3.942687802723190860e+00 6.037800037364428135e+03
3.948975148759096498e+00 1.755206390876992373e+01
3.955262046498601247e+00 2.351310303226706822e+01
3.961543413939611291e+00 1.369758768930102377e+01
3.967823997647459411e+00 1.497576801333110019e+01
3.974109649109424769e+00 1.065263384974948657e+01
3.980390315513306465e+00 8.563404703566185106e+00
3.986670633178865497e+00 1.063996906966409206e+01
3.992954341574337374e+00 6.859110027298689793e+00
3.999239437674898312e+00 8.191543848892871793e+00
4.005522652480014045e+00 5.708722307888946190e+00
4.011802048177673718e+00 6.285460441127716180e+00
4.018085141715408426e+00 4.786470546850736696e+00
4.024369535233901729e+00 4.609290921268478947e+00
4.030649783293330124e+00 4.209300724641884983e+00
4.036932679129111357e+00 3.510013948378274407e+00
4.043220418290019325e+00 3.834410156710127193e+00
4.049507661662086200e+00 2.972236481287739540e+00
4.055788045907045891e+00 3.296841894542367424e+00
4.062067059164522043e+00 2.672513235410169052e+00
4.068352854787344874e+00 2.742309009921926943e+00
4.074635659509510788e+00 2.366493253961485355e+00
4.080917054045270831e+00 2.282976522526183327e+00
4.087205686088069889e+00 2.127929155159802299e+00
4.093490301644573393e+00 1.930671305332188448e+00
4.099770438207295697e+00 1.951855123014544002e+00
4.106052527015961573e+00 1.689958420586227472e+00
4.112336138144955910e+00 1.757186123838898828e+00
4.118621532583603972e+00 1.538867818157656275e+00
4.124903585067976941e+00 1.547580744454012613e+00
4.131182712642240240e+00 1.408146515025525680e+00
4.137468630000815217e+00 1.367743645233466587e+00
4.143753536347550614e+00 1.300446946021349692e+00
4.150036722937140432e+00 1.213436836185062928e+00
4.156319556835904372e+00 1.198250173010632524e+00
4.162601167118149981e+00 1.098227518609458997e+00
4.168887134570721464e+00 1.109140783806424890e+00
4.175169561765874171e+00 1.029261735160476254e+00
4.181452242899395877e+00 1.023177913132226502e+00
4.187739255360579449e+00 9.639875725863515932e-01
4.194021594670000574e+00 9.451258307877409282e-01
4.200300760695198754e+00 9.068917338822481966e-01
4.206583573312412838e+00 8.821578832493703892e-01
4.212864548425995892e+00 8.545679317307006695e-01
4.219147128485455589e+00 8.360569966040029000e-01
4.225433661438403377e+00 8.235503798519290264e-01
4.231718368477329406e+00 7.906325076201192736e-01
4.237998895475036498e+00 7.936381830141275850e-01
4.244279597466258380e+00 7.513393799328479394e-01
4.250566280105218198e+00 7.808533594183939552e-01
4.256851587952112936e+00 7.386033996250387368e-01
4.263132860899111698e+00 7.513752464289420452e-01
4.269414568915884445e+00 7.415257201599999570e-01
4.275698115740782512e+00 7.233159389935189809e-01
4.281980156021848671e+00 7.568738260083565095e-01
4.288263338818810944e+00 7.099991439418249506e-01
4.294548516739729926e+00 7.685802001378007065e-01
4.300830910891001224e+00 7.315362876179707374e-01
4.307114686814344395e+00 7.574847365797144905e-01
4.313397714262970695e+00 7.732828992715330418e-01
4.319680042548951882e+00 7.354573831488097069e-01
4.325962677260454470e+00 8.347095884752240291e-01
4.332247955255882133e+00 7.808134759661592428e-01
4.338534851577296791e+00 8.514352269286608044e-01
4.344817821624197940e+00 8.415138568056312884e-01
4.351099303949236052e+00 8.382766757332111851e-01
4.357383544198474290e+00 9.604555039607387545e-01
4.363669160634735533e+00 8.780439743031581701e-01
4.369952160826413134e+00 1.040116051651472695e+00
4.376231841677308942e+00 9.791936942765950835e-01
4.382510196913425915e+00 1.063079114721583007e+00
4.388795959382868261e+00 1.148072545329020144e+00
4.395079843903230810e+00 1.028052988471807261e+00
4.401360933733665881e+00 1.382862250462726150e+00
4.407643714302012405e+00 1.187512532260464049e+00
4.413926461136920665e+00 1.490393096786557514e+00
4.420212544897195173e+00 1.427653832308003912e+00
4.426495749838379012e+00 1.390577170389613038e+00
4.432779159072235409e+00 1.950591981720235291e+00
4.439059915458222427e+00 1.524758174888661832e+00
4.445341878237662137e+00 2.244101871653679581e+00
4.451628428868033005e+00 1.832657589600384718e+00
4.457914551035861095e+00 2.353214105982838866e+00
4.464200235517868265e+00 2.505110296980447959e+00
4.470482182628605194e+00 2.148089092834184477e+00
4.476764673345638990e+00 3.780018008062572488e+00
4.483049464187839561e+00 2.635962206240408445e+00
4.489333155731497271e+00 4.584720641669803420e+00
4.495613345822325080e+00 3.435099343103331648e+00
4.501892119142445026e+00 3.390291003591337837e+00
4.508175121787952655e+00 6.725217061002518371e+00
4.514460900366407792e+00 4.317040567405279639e+00
4.520742053546796591e+00 9.392373313055548678e+00
4.527023810359859013e+00 6.250611512246797119e+00
4.533308960469576654e+00 1.188065943866596186e+01
4.539592363903683037e+00 7.696629799395653393e+00
4.545874919538348990e+00 5.821544054088320763e+00
4.552157687156885402e+00 2.483785425613256393e+03
4.558443781612104395e+00 7.999571804698250688e+00
4.564727638565654111e+00 1.401847928575504554e+01
4.571009437592583602e+00 6.456181525888685435e+00
4.577294624203679163e+00 5.545971927102504750e+00
4.583578089646453968e+00 8.810181786868733766e+00
4.589862179487309568e+00 4.620910279951975674e+00
4.596143999485379439e+00 6.749515063764462752e+00
4.602425263016355572e+00 4.193483457672686043e+00
4.608712017363744806e+00 4.523766287675412556e+00
4.614996038799121791e+00 4.759665296757304098e+00
4.621277296175202665e+00 3.462089490044645501e+00
4.627559936726636458e+00 4.532717164783363728e+00
4.633841741478233800e+00 3.331439980289073954e+00
4.640122475394416135e+00 3.768127659238882377e+00
4.646404355152583321e+00 3.575684501805308280e+00
4.652690604636823046e+00 3.191505055871830532e+00
4.658976230417983366e+00 3.872354443961218085e+00
4.665257901055365863e+00 3.328601812478678479e+00
4.671540647875587204e+00 3.686642983952860497e+00
4.677823961431464284e+00 3.595444200502275311e+00
4.684108235097336426e+00 3.484330456599644688e+00
4.690391798870516382e+00 4.054431061975944495e+00
4.696675467203847987e+00 3.839191717038885177e+00
4.702958737792436672e+00 4.260818051993264355e+00
4.709239588303709922e+00 4.328987743970038160e+00
4.715521529300301218e+00 4.526833369601773072e+00
4.721804241650856326e+00 4.932933353811383093e+00
4.728088995851720711e+00 5.048402769564678927e+00
4.734372372593826483e+00 5.573093603915237004e+00
4.740653441478511532e+00 5.882669723424034380e+00
4.746937690136521226e+00 6.533964503243615773e+00
4.753220866740556438e+00 7.156416499104215845e+00
4.759499584445610942e+00 7.823928319405654364e+00
4.765784674643524177e+00 8.755703684841810386e+00
4.772072066667437440e+00 9.481021931445022588e+00
4.778354574712954772e+00 1.070014274289348322e+01
4.784639688699459548e+00 1.205379458326275000e+01
4.790924571112255670e+00 1.337325761430255788e+01
4.797207630427470448e+00 1.595598403714808455e+01
4.803491281906666188e+00 1.863512068696807233e+01
4.809774797188141271e+00 2.140463518110986030e+01
4.816055012942697999e+00 2.257727271740852260e+01
4.822335756210613056e+00 1.214758434918207740e+03
4.828618372965728156e+00 4.559061884417721558e+03
4.834902420031529147e+00 2.456679716423026960e+01
4.841185408631580422e+00 2.401230279291425163e+01
4.847466912745727718e+00 2.025357272237528150e+01
4.853753607692918415e+00 1.675225877690840903e+01
4.860040654770696023e+00 1.484563981089278073e+01
4.866322071713594433e+00 1.327031893455064981e+01
4.872604241020684235e+00 1.180606478483970356e+01
4.878889019589767173e+00 1.068479642447147526e+01
4.885169833709484877e+00 9.861351311276502329e+00
4.891451276335970988e+00 8.960192337037353738e+00
4.897735676523086390e+00 8.262683517364550312e+00
4.904020888466774863e+00 7.508387320186368896e+00
4.910302466098539043e+00 6.970977125944891384e+00
4.916582728670469749e+00 6.604736444081992452e+00
4.922870405746558653e+00 6.314635678505768013e+00
4.929152603204811633e+00 5.971515619375908912e+00
4.935433400905724355e+00 5.731599804752650407e+00
4.941720002621369012e+00 5.541778490107502009e+00
4.948000629162284447e+00 5.390716070102064883e+00
4.954284600437537378e+00 5.300834437783923825e+00
4.960568964118362345e+00 5.367186881171043034e+00
4.966849452054189484e+00 5.265559231838055076e+00
4.973133312553746244e+00 5.186439721977256667e+00
4.979416667731975110e+00 5.151873393442394367e+00
4.985701847394269137e+00 5.167977119657502172e+00
4.991986126907685062e+00 5.259743316214858133e+00
4.998266089552569014e+00 5.712142731522704686e+00
5.004548850075229538e+00 5.772784019348590867e+00
5.010834613416704109e+00 5.932925517091415912e+00
5.017114133618883365e+00 6.063612760386431155e+00
5.023396754503464123e+00 6.344087346594996291e+00
5.029682555385535103e+00 6.667753571379722466e+00
5.035962952494468681e+00 8.231002681164357071e+00
5.042248916723991670e+00 8.161593892075655887e+00
5.048534518437475249e+00 8.610491387606170832e+00
5.054817055058077102e+00 8.959067548762101652e+00
5.061103124450734292e+00 1.021493398905213112e+01
5.067385418511126005e+00 1.150841897176069395e+01
5.073665350133166108e+00 1.395488227139209769e+01
5.079944158568527435e+00 1.279072248349998908e+01
5.086229157971559722e+00 4.450909458857303434e+03
5.092516081670024342e+00 1.253619539134469640e+01
5.098799062815714933e+00 1.371335013652695523e+01
5.105081564999609967e+00 1.213984756302849632e+01
5.111362075909486435e+00 1.193122565592675777e+01
5.117646708276604173e+00 9.738712589603318648e+00
5.123931579419740423e+00 8.543892344648188697e+00
5.130214175713612157e+00 7.843066704231270947e+00
5.136495802354272833e+00 7.265640004335661928e+00
5.142780182582010973e+00 6.825751348116909867e+00
5.149064547742418618e+00 6.834079482743463885e+00
5.155344632471284605e+00 6.509536253290159280e+00
5.161628512901673460e+00 5.888932295621987834e+00
5.167914708882204167e+00 5.537739179884739293e+00
5.174198770587969065e+00 5.259346367028795655e+00
5.180481984271699147e+00 5.189214471798467621e+00
5.186765863297754464e+00 5.099068413547894529e+00
5.193047702705746893e+00 5.080246599904056026e+00
5.199327701301567295e+00 4.963432279185972185e+00
5.205610051315074038e+00 4.895709528124572607e+00
5.211893783792568513e+00 4.803095581683703763e+00
5.218178654991308285e+00 4.876750344355555100e+00
5.224460565579556182e+00 5.037919695862830061e+00
5.230741351715697540e+00 5.021170126892158692e+00
5.237027120177700112e+00 5.122226629892504768e+00
5.243314739467697549e+00 5.499222138546820737e+00
5.249595278023606149e+00 5.366462361454695795e+00
5.255875849079584938e+00 5.628524805616731186e+00
5.262158673469957471e+00 6.594923481572007695e+00
5.268439395112831214e+00 6.339791758949021805e+00
5.274722108206590931e+00 6.505975725794849396e+00
5.281007345641278938e+00 8.346723710804951679e+00
5.287293380248259567e+00 7.823742491796722653e+00
5.293576735145029133e+00 8.425628045219838214e+00
5.299860851423467523e+00 1.078990457064612762e+01
5.306144493245258609e+00 1.073049334285099121e+01
5.312427159026070100e+00 1.195118275163050114e+01
5.318710177455853838e+00 1.603178892721260240e+01
5.324993165098304893e+00 1.471896428407674051e+01
5.331278074387978627e+00 1.203952559561863822e+01
5.337561778582737837e+00 4.191518287829235305e+03
5.343844392417137712e+00 1.610840322992530815e+01
5.350127046241198059e+00 1.425804224216881444e+01
5.356410632573585850e+00 1.424707810819749376e+01
5.362696075374680404e+00 1.091164687139314537e+01
5.368977622023428431e+00 9.462916286345782524e+00
5.375259264787404234e+00 9.069843104872006734e+00
5.381542175673222239e+00 8.680778561755863265e+00
5.387824976115930475e+00 7.050276140225907540e+00
5.394108529100064331e+00 6.612522613269491423e+00
5.400390002504265929e+00 7.108967326152326294e+00
5.406673750202084960e+00 5.779836707378427363e+00
5.412955699794467890e+00 5.297329286440010776e+00
5.419237955148318520e+00 5.600557807996773718e+00
5.425523090525197212e+00 4.945719131705874183e+00
5.431805715860540396e+00 4.606776946443601695e+00
5.438090831113179924e+00 4.575074072258360935e+00
5.444374481405862554e+00 4.519549607530957580e+00
5.450656385985535479e+00 4.301368154866634264e+00
5.456941012042004324e+00 4.284462422655923142e+00
5.463223574256159232e+00 4.018132427343464208e+00
5.469506233746614043e+00 4.198812087161219786e+00
5.475791313392783799e+00 4.212863095916302036e+00
5.482076520806099751e+00 4.071054951587074200e+00
5.488361758921633360e+00 3.970582862843192284e+00
5.494642978338553085e+00 4.490433062476160586e+00
5.500922328851260090e+00 4.755323740140587674e+00
5.507204020884158169e+00 3.972020027202809000e+00
5.513487086383534574e+00 4.974037465331398344e+00
5.519772673170036725e+00 5.617670086490510251e+00
5.526055063335959083e+00 5.751688906925115141e+00
5.532333106276354329e+00 4.646074257603873825e+00
5.538615491667449930e+00 6.924356779475695056e+00
5.544903720115636148e+00 8.071496878838644307e+00
5.551187288815954801e+00 9.238426069963100673e+00
5.557470531467981090e+00 6.417182533366426966e+00
5.563755611658447897e+00 1.022253401414068819e+01
5.570037554875349350e+00 1.291417835872837713e+03
5.576319117887759802e+00 9.739449573927531745e+00
5.582602002155147680e+00 7.201451746148384458e+00
5.588888631490213754e+00 1.025259607439905984e+01
5.595175275496153233e+00 8.723387237079023748e+00
5.601458712915984961e+00 5.229197750901463770e+00
5.607739290868620330e+00 7.262948128295513506e+00
5.614020862542647983e+00 6.504209512727400444e+00
5.620301751604071860e+00 5.858324141474404279e+00
5.626585003660349749e+00 4.458054836928013742e+00
5.632870193703824135e+00 5.542866185034003301e+00
5.639149634200363970e+00 5.197633467552353004e+00
5.645432108629827361e+00 4.763224060778405544e+00
5.651717488754057328e+00 4.270271684231394360e+00
5.658002094958268557e+00 4.938016182660638798e+00
5.664286976960462461e+00 4.729825807214332656e+00
5.670566925585673879e+00 4.409776313093167310e+00
5.676852042208761162e+00 4.866351683734726485e+00
5.683137388589912575e+00 4.790953627874745990e+00
5.689418158699685257e+00 5.098890421616503410e+00
5.695702068056029077e+00 5.016885572368662061e+00
5.701985967982890813e+00 5.329695551174811641e+00
5.708271056387263620e+00 5.780547108712888793e+00
5.714552979709825564e+00 5.762854925283448893e+00
5.720831601415190093e+00 6.327525645175077429e+00
5.727115355927898221e+00 7.009549966147972100e+00
5.733398957275753105e+00 6.770127437378786972e+00
5.739684091351107575e+00 8.197728571599965264e+00
5.745967659604392708e+00 8.432151106135531649e+00
5.752250391047120992e+00 9.070310824359763657e+00
5.758534671789668380e+00 1.083414667729504366e+01
5.764815058099513223e+00 1.011111390493922180e+01
5.771097431484660589e+00 1.412163025352483814e+01
5.777380386878713026e+00 1.605564071090273259e+01
5.783664936364128373e+00 1.426815108642292707e+01
5.789947151929451863e+00 1.869301052687657716e+01
5.796231493774793186e+00 1.351211652547953435e+01
5.802516691340624533e+00 3.881235104945579224e+03
5.808797995112186641e+00 2.066204527434728533e+01
5.815082184083208539e+00 1.685089148257709013e+01
5.821365271507954020e+00 1.656341628373658281e+01
5.827645525290467532e+00 1.209842181624374469e+01
5.833928171908906890e+00 1.350028893066125590e+01
5.840215967589452717e+00 1.202470306690551816e+01
5.846501812893647454e+00 1.024519219986064655e+01
5.852781909673957728e+00 1.076733237238467744e+01
5.859063783293738226e+00 8.985222341691596171e+00
5.865349571500913406e+00 9.984978324114958781e+00
5.871632939480924129e+00 9.285773859526825547e+00
5.877914823986006176e+00 8.625744619152245107e+00
5.884196626054889023e+00 8.912801407400330334e+00
5.890479074317132913e+00 8.720421673460000633e+00
5.896763574100915228e+00 9.175619031641183199e+00
5.903046036848450306e+00 8.972265252272469738e+00
5.909328377713869429e+00 8.964576038165331440e+00
5.915613028288355224e+00 9.853637373148533385e+00
5.921894409622731281e+00 9.941648718851565647e+00
5.928177134794152536e+00 1.033919920264997394e+01
5.934464774883918992e+00 1.068308965911763586e+01
5.940751250578068188e+00 1.215678489094031889e+01
5.947033452245725549e+00 1.301433840455707802e+01
5.953312775740306151e+00 1.335542234796262306e+01
5.959594106507988265e+00 1.439672519049519472e+01
5.965876424548630652e+00 1.708488077941256478e+01
5.972161112468720390e+00 1.882390254613557801e+01
5.978446099492319199e+00 1.959925551486904993e+01
5.984727467931779010e+00 2.106635783694907360e+01
5.991012985181142447e+00 2.827604501649876667e+01
5.997297612744741713e+00 3.229257651159070264e+01
6.003577416164464609e+00 3.321217366953909078e+01
6.009860806138807909e+00 3.310581823216296726e+01
6.016144510375737831e+00 7.452422373255718412e+03
6.022426254013592661e+00 3.699853060703765806e+01
6.028706803290871719e+00 3.392425834015076447e+01
6.034987951204773715e+00 3.833736502728071116e+01
6.041274067685003857e+00 3.096757392487556260e+01
6.047558134944117647e+00 2.548804186829671536e+01
6.053840825089524813e+00 1.913639948121813816e+01
6.060125328398456190e+00 2.071822059498573054e+01
6.066409969294784155e+00 1.783836879939653741e+01
6.072694327029352301e+00 1.578266140609305346e+01
6.078974651295977694e+00 1.292528180765345880e+01
6.085257277597498238e+00 1.341256556131164146e+01
6.091541245232643398e+00 1.198037602288684766e+01
6.097826243439735450e+00 1.024561456815669303e+01
6.104111770776667889e+00 9.223933735414222568e+00
6.110396747466277034e+00 9.196349896603949858e+00
6.116679071538609236e+00 8.272470890899883855e+00
6.122958529493147672e+00 7.432247757286418732e+00
6.129240445810509641e+00 7.001809686413003497e+00
6.135524780557309654e+00 6.830578264883334860e+00
6.141807474577858805e+00 6.273829279060593400e+00
6.148089386189230510e+00 5.706184317090532865e+00
6.154375713159891070e+00 5.514242330870922082e+00
6.160661139581105950e+00 5.254108510882431915e+00
6.166941022971138331e+00 4.890586007441433125e+00
6.173222562097184785e+00 4.557317517875147495e+00
6.179507647741183440e+00 4.470926239957270454e+00
6.185789356936125749e+00 4.251964284452092180e+00
6.192072249861043431e+00 4.020555687261210487e+00
6.198356783359496802e+00 3.790334400002879800e+00
6.204641274559973496e+00 3.729811730665409719e+00
6.210924271106035732e+00 3.562483326855557131e+00
6.217206768102415460e+00 3.420588392563577163e+00
6.223486202302879633e+00 3.249201695707308435e+00
6.229767722260432627e+00 3.223673618355149983e+00
6.236054214854060085e+00 3.106021314943817835e+00
6.242340046436461343e+00 2.988259328807589821e+00
6.248623268972994360e+00 2.917823349768438046e+00
6.254906079998900026e+00 2.895243589766215209e+00
6.261190798611801611e+00 2.818347182053405842e+00
6.267470893840453527e+00 2.749830246130708034e+00
6.273752395561465356e+00 2.708185937861405268e+00
6.280038415116336203e+00 2.710253851198077157e+00
6.286322359143823313e+00 2.664974047693079662e+00
6.292605930180390494e+00 2.631724931708323556e+00
6.298890629102372074e+00 2.617343810092148004e+00
6.305171573266470375e+00 2.626616885752675934e+00
6.311455101240412091e+00 2.609672024657326173e+00
6.317739752668598996e+00 2.626050688128978017e+00
6.324019791664828638e+00 2.637022772290147810e+00
6.330300090404453961e+00 2.682774915133555371e+00
6.336582976227302488e+00 2.704563009807549268e+00
6.342866512790590328e+00 2.730295746358796016e+00
6.349149664171966911e+00 2.782128854176957766e+00
6.355436214245748339e+00 2.865188727946453628e+00
6.361722100221464338e+00 2.891128718668586561e+00
6.368004157429771439e+00 2.988278405312525088e+00
6.374285543992137093e+00 3.062078390534696659e+00
6.380569360201161722e+00 3.145287912079775428e+00
6.386853196179592906e+00 3.241769850625144667e+00
6.393134053012607509e+00 3.409494954091487173e+00
6.399418824019404539e+00 3.496725797020730386e+00
6.405704396360532904e+00 3.593371049732282163e+00
6.411984928491945013e+00 3.665106043953774151e+00
6.418265745466296579e+00 3.893718886092376597e+00
6.424549958658937854e+00 3.931507443595551710e+00
6.430834939158401653e+00 4.045656340074925694e+00
