8.899641653093008295e-03 3.410794771634615419e+00
1.539332528288165670e-02 4.016220940483941071e+00
2.155046762996598239e-02 3.864893059981496570e+00
2.783660762585126597e-02 3.394003321981837740e+00
3.439928854529101382e-02 2.867487980769230838e+00
4.083988908678293228e-02 2.428752183914184570e+00
4.696089820801348236e-02 2.125569307631340443e+00
5.319831544433587661e-02 1.925382205418177950e+00
5.953007160048735813e-02 1.782428192674067935e+00
6.593106050382960270e-02 1.655043979458042047e+00
7.211112823241795644e-02 1.526480650290464647e+00
7.840743265709380905e-02 1.371411876266269481e+00
8.486374147573563786e-02 1.205101058790563506e+00
9.105720993371453631e-02 1.060505796446151505e+00
9.723119438183111529e-02 9.378901447233606303e-01
1.035474523099094157e-01 8.439474518021017335e-01
1.098380096325790867e-01 7.808836633464212307e-01
1.160878800454857029e-01 7.379600791967242390e-01
1.223769048302436324e-01 7.047586611551455160e-01
1.287591547856025143e-01 6.682455452250833927e-01
1.350589943281513827e-01 6.264992068214724208e-01
1.412290290659165837e-01 5.787194547583187632e-01
1.475161690700088069e-01 5.279269052706552223e-01
1.537996369822966225e-01 4.788669654338116310e-01
1.601026478659483554e-01 4.379784316998388549e-01
1.664508001660549019e-01 4.072878347130597376e-01
1.727583237560037233e-01 3.843437350783346917e-01
1.790245845132147351e-01 3.680489134461384926e-01
1.852702546080971790e-01 3.538174747947491761e-01
1.914887492119529966e-01 3.397077933821098239e-01
1.977904085892937536e-01 3.227565458148895505e-01
2.041115446406587541e-01 3.034171091260055020e-01
2.104256850836569714e-01 2.829961280153508452e-01
2.167058561960866769e-01 2.635562779883787732e-01
2.229761248051159717e-01 2.466462165087251468e-01
2.292828550697881274e-01 2.322555545634772678e-01
2.355310205895554676e-01 2.211064750237690113e-01
2.418144967727207939e-01 2.121342583130339243e-01
2.481043196360692704e-01 2.043279311052678682e-01
2.543667409246888611e-01 1.966410243555412052e-01
2.606678092543103231e-01 1.883484479945098933e-01
2.669430136113040697e-01 1.790585831474704182e-01
2.732519464783976226e-01 1.698713100981469049e-01
2.795627339315375770e-01 1.609030168608757139e-01
2.858373502475139438e-01 1.524603159897593707e-01
2.920953075698756729e-01 1.450745024088105628e-01
2.983525092968341563e-01 1.386202840232232114e-01
3.046702740008471189e-01 1.331017492789189627e-01
3.109590627528140416e-01 1.280372034892475752e-01
3.172239916515500191e-01 1.232123770481750313e-01
3.235299724572279767e-01 1.185021750789066602e-01
3.298388395071043533e-01 1.136386248056051040e-01
3.361383844359337458e-01 1.086689888315202357e-01
3.423877713306480719e-01 1.038631565881022040e-01
3.486623155692267217e-01 9.931134967637929301e-02
3.549448882949312045e-01 9.494295123591027508e-02
3.611996781549324798e-01 9.095882216551318122e-02
3.674875026172954029e-01 8.742461531709473654e-02
3.737698636248200090e-01 8.410651159202355009e-02
3.800714314497639634e-01 8.097636891294980599e-02
3.863585763589229560e-01 7.793995280870578968e-02
3.926354401118986037e-01 7.485487649361299844e-02
3.989457585494922132e-01 7.192042776864571163e-02
4.052156663313305485e-01 6.896890144268122413e-02
4.115034152883392804e-01 6.620538552567298285e-02
4.177905076349040514e-01 6.345542775233017907e-02
4.240487051047501788e-01 6.096354676887408980e-02
4.303463415118498614e-01 5.851610718578732773e-02
4.366358695421740932e-01 5.633353362409656423e-02
4.429029287921816826e-01 5.419371376433367027e-02
4.491680252572889942e-01 5.223443822056802327e-02
4.554486850820457788e-01 5.014720669766557087e-02
4.617725565885423267e-01 4.818555487379825447e-02
4.680757412093953795e-01 4.630334832236651654e-02
4.743564916629640638e-01 4.449611095874670547e-02
4.806425428564732871e-01 4.266407610597937328e-02
4.869129233098823395e-01 4.097988289020024211e-02
4.931745196394184405e-01 3.943679957176016160e-02
4.994506890543656263e-01 3.787977437395205482e-02
5.057241638978529075e-01 3.637624140603858830e-02
5.120042719980517631e-01 3.493015132393124944e-02
5.183192340646139984e-01 3.356838443132916655e-02
5.246161892892522438e-01 3.228321157041455503e-02
5.308869673046785476e-01 3.096852214999440064e-02
5.371637224096752483e-01 2.970704839678802237e-02
5.434652729571635144e-01 2.852890196714087320e-02
5.497524178004593587e-01 2.741918192589925390e-02
5.559970921381958142e-01 2.621129604682320008e-02
5.622866379023159222e-01 2.519691762979562460e-02
5.686033203527380842e-01 2.415142119410657734e-02
5.748823709563090079e-01 2.315138396091083808e-02
5.811585199734176088e-01 2.217767479754183257e-02
5.874446517276211699e-01 2.129268906873451120e-02
5.937246335834056588e-01 2.040613189653153400e-02
6.000023445208265693e-01 1.953547261154951753e-02
6.062700655927123483e-01 1.871137708582381459e-02
6.125564878198721530e-01 1.797906470900155484e-02
6.188675697062213654e-01 1.716957619708734881e-02
6.251436203714340056e-01 1.641723845423675304e-02
6.314092032308914471e-01 1.572443257513855136e-02
6.377070744462735030e-01 1.507015166395042974e-02
6.439915699782213787e-01 1.439165912088204505e-02
6.502746657481665027e-01 1.373101583390894109e-02
6.565654463687421449e-01 1.318314520421107888e-02
6.628457378217490481e-01 1.256008446919920640e-02
6.691273712706959920e-01 1.200338450959449743e-02
6.754135024521100705e-01 1.145701559918754081e-02
6.816942288653291548e-01 1.094036572565934042e-02
6.879707219643064198e-01 1.047583929128321004e-02
6.942401964891569133e-01 9.963491911124566086e-03
7.005213539313046578e-01 9.510697270960389790e-03
7.068163049835881617e-01 9.083558782912979496e-03
7.131046379544038194e-01 8.661841795573848105e-03
7.193979933183044517e-01 8.247894853488077493e-03
7.256912769458278012e-01 7.845307852475696953e-03
7.319732112087881104e-01 7.515183206722591235e-03
7.382575498732680819e-01 7.118855386385240097e-03
7.445309219837563663e-01 6.788220027141592984e-03
7.507908721544984676e-01 6.452368090170554175e-03
7.570762748651901353e-01 6.168780450948631311e-03
7.633652442780797243e-01 5.852352575937126017e-03
7.696523768503739094e-01 5.556290675331796748e-03
7.759443911184177312e-01 5.298264711647860011e-03
7.822388793759307291e-01 5.017160197126376529e-03
7.885422505712965657e-01 4.775929039488382120e-03
7.947958170677573708e-01 4.549231654554788777e-03
8.010501857211035359e-01 4.324648252861835150e-03
8.073371699120777123e-01 4.099105077336209942e-03
8.136256953004623593e-01 3.890758710342298241e-03
8.199185768310989220e-01 3.688132118250946143e-03
8.261975950269245805e-01 3.521557072027183509e-03
8.324916626456120294e-01 3.321091799047631420e-03
8.387980487119468531e-01 3.154640434295907184e-03
8.450681625339854230e-01 3.002077977467766147e-03
8.513326310877129544e-01 2.854685104785659351e-03
8.576229699198910650e-01 2.698171950277056773e-03
8.639079722665760075e-01 2.564770908941433041e-03
8.701845317394016899e-01 2.445033483299177690e-03
8.764647451447489246e-01 2.328911184039355719e-03
8.827524554796379874e-01 2.216378170916577517e-03
8.890360933084631156e-01 2.114282787154471259e-03
8.953122302139767674e-01 2.028385329823649465e-03
9.015989135410911182e-01 1.935764967876292758e-03
9.078856597069530077e-01 1.857300794199538913e-03
9.141777176955673267e-01 1.793560168498146675e-03
9.204705311210197305e-01 1.736359198731424365e-03
9.267502199878263625e-01 1.689542121693001853e-03
9.330346272813238029e-01 1.642798235563916248e-03
9.393297286529698198e-01 1.617876745017047700e-03
9.456020466528652912e-01 1.603886461389112577e-03
9.518687891863797379e-01 1.590026339752584599e-03
9.581418737840891042e-01 1.593989900447612389e-03
9.644369887048810375e-01 1.603949557776473359e-03
9.707375181351720617e-01 1.633388550220050885e-03
9.770097663529486720e-01 1.680322890183870129e-03
9.832835755838400527e-01 1.727574685738796642e-03
9.895569992810110405e-01 1.794707354751558627e-03
9.958480710782616763e-01 1.869703613673131528e-03
1.002138575493429995e+00 1.972995120629781728e-03
1.008406592376542843e+00 2.085587862792941550e-03
1.014697842972237973e+00 2.219294249198224250e-03
1.020995892874764666e+00 2.360534594443047373e-03
1.027276368069287793e+00 2.553324358822165602e-03
1.033563189136701643e+00 2.745923044726693209e-03
1.039851148620366539e+00 2.966179951626249801e-03
1.046127943161246687e+00 3.185643705604097441e-03
1.052404895272092133e+00 3.451350195897330640e-03
1.058683000430492127e+00 3.745542592897319056e-03
1.064967127327474117e+00 4.067166283049172305e-03
1.071258688161570438e+00 4.405690828898170021e-03
1.077544330604543799e+00 4.764997668747263278e-03
1.083828423436568711e+00 5.197805779669851904e-03
1.090113342297217791e+00 5.653745598052931781e-03
1.096393171946581147e+00 6.107431065000496276e-03
1.102683425690332397e+00 6.625211447348304875e-03
1.108964675464843452e+00 7.180934587241558260e-03
1.115226705913353378e+00 7.746195830859486237e-03
1.121503167812783808e+00 8.406456050225639270e-03
1.127793382225193985e+00 9.057110605805893458e-03
1.134092036465484288e+00 9.847986618144401530e-03
1.140366923395659482e+00 1.065446617672746385e-02
1.146641931784804447e+00 1.149810868894440667e-02
1.152944617322677390e+00 1.243494617942755842e-02
1.159230356871362666e+00 1.342391608306317888e-02
1.165510994903905084e+00 1.439136601313556474e-02
1.171794297100004156e+00 1.538815366901511751e-02
1.178088255559602393e+00 1.666820914651781158e-02
1.184371772446566995e+00 1.791226968152085861e-02
1.190639487122887363e+00 1.921892879888079456e-02
1.196916336380001056e+00 2.056373353090377651e-02
1.203204375371396573e+00 2.185337976782238470e-02
1.209488225901738323e+00 2.383588230991942614e-02
1.215765679709200020e+00 2.518346741567647346e-02
1.222058041744503942e+00 2.689707078316420225e-02
1.228350115998196657e+00 2.899621102602553332e-02
1.234637679107109420e+00 3.101974830946483200e-02
1.240908145406735441e+00 3.320589509175794068e-02
1.247180835746598104e+00 3.522064241473973900e-02
1.253468531500335770e+00 3.756466129180613400e-02
1.259751636995439350e+00 3.989691071432108216e-02
1.266035077425267108e+00 4.271895417960170499e-02
1.272321570618527797e+00 4.568155434999125047e-02
1.278608208280544778e+00 4.817383123115052956e-02
1.284887298154571367e+00 5.185160802999903840e-02
1.291176964274221017e+00 5.523410912337564649e-02
1.297469848393144831e+00 5.893827185291949239e-02
1.303745183221867832e+00 6.210459552840265351e-02
1.310019952103037566e+00 6.639359168514818998e-02
1.316304889985511428e+00 7.045784788314518599e-02
1.322589692250816240e+00 7.457229805293655311e-02
1.328868076233011619e+00 7.996482998986674529e-02
1.335146302472670188e+00 8.551927575345653898e-02
1.341442338921303268e+00 9.103901467014009763e-02
1.347732504022160827e+00 9.684204009208872976e-02
1.354002360904259961e+00 1.037928262735701712e-01
1.360285090555885645e+00 1.095498819008963870e-01
1.366569991348876023e+00 1.172176486974288862e-01
1.372854357884312648e+00 1.244486717492049033e-01
1.379136732473180915e+00 1.338620181177300750e-01
1.385410660878153122e+00 1.410081866188536703e-01
1.391699780091347760e+00 1.505156313233508847e-01
1.397986514487977949e+00 1.597079887116708563e-01
1.404269431125305445e+00 1.725952645834194776e-01
1.410558481592738334e+00 1.859642237510744922e-01
1.416841921169897933e+00 1.981796484134523972e-01
1.423120638450376285e+00 2.156587732399584123e-01
1.429399525711986918e+00 2.303620769991869821e-01
1.435687195920436032e+00 2.465570042120390215e-01
1.441978909597384506e+00 2.661196517922502225e-01
1.448256353182435952e+00 2.843085722364095402e-01
1.454533979889224504e+00 3.063710311636484440e-01
1.460823291195719742e+00 3.328977322878662881e-01
1.467115297699349785e+00 3.588800413509180554e-01
1.473396431849603117e+00 3.933755850997497361e-01
1.479672187129404293e+00 4.346454206216212590e-01
1.485957336950811003e+00 4.716693504316319951e-01
1.492235428844137068e+00 5.250176174188611045e-01
1.498505563158792242e+00 5.703583530750813146e-01
1.504788033368229971e+00 6.199048302174953173e-01
1.511077562324459223e+00 6.705469929264772366e-01
1.517363063341846008e+00 7.373787431391678471e-01
1.523653270341324806e+00 8.101157688326221518e-01
1.529942912799504340e+00 9.456979637553823981e-01
1.536231829420274808e+00 1.056497239926929899e+00
1.542513327069792606e+00 1.223633528070449117e+00
1.548785556440221534e+00 1.384323106540790382e+00
1.555073465503286512e+00 1.574190080794592328e+00
1.561358245907146003e+00 1.778730258630057737e+00
1.567631451431686029e+00 2.039703103801569384e+00
1.573918013544226335e+00 2.419548361133644576e+00
1.580207648268701970e+00 2.723785255427488394e+00
1.586489494063065386e+00 3.634600701300129799e+00
1.592763080732128689e+00 4.449069373102313207e+00
1.599049662621118140e+00 4.262006204567148515e+00
1.605345053337696948e+00 4.677529108131249558e+00
1.611620459129566862e+00 7.506994909862656641e+03
1.617898365736541777e+00 4.900884906887918113e+00
1.624184845436249969e+00 5.380138942778046385e+00
1.630466505740439054e+00 4.585509000231745347e+00
1.636751035144561328e+00 3.641063006062197349e+00
1.643032775792161226e+00 3.144593993662589959e+00
1.649311205731157637e+00 2.679305796598403511e+00
1.655595559618384449e+00 2.303512118184021684e+00
1.661881635856505390e+00 2.049353317172195599e+00
1.668171353955333336e+00 1.841581690638496083e+00
1.674453350850270361e+00 1.649298459207097611e+00
1.680725924646356395e+00 1.461988499301234645e+00
1.687014542692673036e+00 1.287057808336819820e+00
1.693310190593907416e+00 1.135052138153935575e+00
1.699585582287156615e+00 1.049757348491964670e+00
1.705866511081394421e+00 9.314668547060024340e-01
1.712160676675390514e+00 8.674119902909499524e-01
1.718444821026641867e+00 7.896622939407145214e-01
1.724722780324677629e+00 7.343577596704681243e-01
1.730998407906060743e+00 6.817974768299562838e-01
1.737287228726877686e+00 6.373150874519030173e-01
1.743568303176275425e+00 5.925445338544421681e-01
1.749841689593745420e+00 5.490958578753466490e-01
1.756129388522271517e+00 5.133726072901287907e-01
1.762415116633644363e+00 4.761757059583920371e-01
1.768698244482999726e+00 4.530596017765732841e-01
1.774980086402522028e+00 4.296486313750161878e-01
1.781265981096536777e+00 4.051749483086511949e-01
1.787550624457374449e+00 3.856578383752546357e-01
1.793835833491845833e+00 3.665140314187053105e-01
1.800117311233924822e+00 3.514715022300613501e-01
1.806395490080128896e+00 3.355457908398618572e-01
1.812674669631440416e+00 3.183974874229753005e-01
1.818957879507353992e+00 3.065865686179758409e-01
1.825245306758315422e+00 2.953653944104358553e-01
1.831528271693480647e+00 2.833591316409081462e-01
1.837812827050599118e+00 2.756416128366275808e-01
1.844103367940866489e+00 2.646004584619637834e-01
1.850386948924649388e+00 2.567989269168733935e-01
1.856666935595761014e+00 2.507790066679169705e-01
1.862948995952047992e+00 2.423711416968736265e-01
1.869230662203537285e+00 2.400625194173623966e-01
1.875518523852231834e+00 2.323918742422916850e-01
1.881801828956604083e+00 2.287143451720310694e-01
1.888079605905484737e+00 2.256663536868696585e-01
1.894354917179238207e+00 2.212568428096959028e-01
1.900643508338552223e+00 2.216052342602976843e-01
1.906933681097740418e+00 2.162107209002375463e-01
1.913208537729330194e+00 2.183297335052654109e-01
1.919491876081842907e+00 2.164786679531751634e-01
1.925778583551117418e+00 2.162825808328682209e-01
1.932066442879381896e+00 2.175362415361251078e-01
1.938345779800252577e+00 2.138691099317047428e-01
1.944621163117130624e+00 2.243057179655596756e-01
1.950906419736068598e+00 2.188908531992183049e-01
1.957194922928259695e+00 2.259030559871381960e-01
1.963480698366232735e+00 2.286420476505765798e-01
1.969761129083444473e+00 2.286056539348382266e-01
1.976050304691988391e+00 2.414768464655379920e-01
1.982339908457910083e+00 2.369101567875120384e-01
1.988618349245825812e+00 2.528869881557625487e-01
1.994897766502643721e+00 2.540107525714601633e-01
2.001180771161680028e+00 2.594700113893964599e-01
2.007460336186321026e+00 2.788556766156974343e-01
2.013738753216055777e+00 2.713674987779234882e-01
2.020018986124832772e+00 3.049882827348570080e-01
2.026310836118350167e+00 2.987186431069236425e-01
2.032601207862052561e+00 3.191068451394443173e-01
2.038875504895327317e+00 3.358775711728534397e-01
2.045155551699306962e+00 3.295091329337581088e-01
2.051445731990026999e+00 3.836978207689621945e-01
2.057731375213294633e+00 3.646747094998086802e-01
2.064016423384301913e+00 4.184778921972721055e-01
2.070302827783211619e+00 4.195894750523556094e-01
2.076590615358942848e+00 4.390644461683019251e-01
2.082865814675600280e+00 5.043092527010760717e-01
2.089135078390696343e+00 4.725258101566454094e-01
2.095424699602885799e+00 5.817489174046809319e-01
2.101708259047597949e+00 5.560508266154630119e-01
2.107987807301212158e+00 6.215136691312775907e-01
2.114274337075186416e+00 6.756836246336783702e-01
2.120555211422834319e+00 6.200389387401123997e-01
2.126838540980260372e+00 8.613589841446067652e-01
2.133123767198004117e+00 7.524029899272708377e-01
2.139413031894335848e+00 9.783803991379476095e-01
2.145698041890389263e+00 9.493177338018515821e-01
2.151974340624452253e+00 1.010392572013690815e+00
2.158260630891077003e+00 1.291777340757010784e+00
2.164546658731809625e+00 1.079793539223884213e+00
2.170832823837292480e+00 1.609170152582768187e+00
2.177115967197242430e+00 1.365371329735621364e+00
2.183389032615354441e+00 1.789626355388506118e+00
2.189670975244353279e+00 1.895234725896757677e+00
2.195960831894089527e+00 1.644024176550919591e+00
2.202245817416866203e+00 3.122906676861668007e+00
2.208524601220368755e+00 2.172398525103415690e+00
2.214805589383115780e+00 3.996352650539610085e+00
2.221093631642824917e+00 2.945886042146704575e+00
2.227374275520719316e+00 4.216601283540591716e+00
2.233658333286540287e+00 4.917030490898952166e+00
2.239946072329966231e+00 3.841907708663470533e+00
2.246226850917138140e+00 9.191949890063920492e+00
2.252506781988718565e+00 5.909062962131983454e+00
2.258783643789477491e+00 1.306453398901066443e+01
2.265069381259946724e+00 7.555965698698975608e+00
2.271351266578538919e+00 5.304521291204599365e+00
2.277635010148555850e+00 7.741908878953684507e+03
2.283922963308533394e+00 7.809054247650167646e+00
2.290204538958168001e+00 1.440990888942429216e+01
2.296492854789115245e+00 6.123648612522055501e+00
2.302773836462560286e+00 6.509991723114392670e+00
2.309052848528886148e+00 7.100647800886465077e+00
2.315340397783157922e+00 3.844897821522001991e+00
2.321629550362612981e+00 5.893285472089081267e+00
2.327914834812394584e+00 3.254481820197767661e+00
2.334189028016975698e+00 3.796160361051541976e+00
2.340468735514670495e+00 3.263542755197447853e+00
2.346757573269963704e+00 2.240730896877397793e+00
2.353046701279460251e+00 3.075074532964541696e+00
2.359329919851476554e+00 1.928245023948307768e+00
2.365603805485394950e+00 2.136918229966961125e+00
2.371887442159951398e+00 1.855959777313848313e+00
2.378175480496420580e+00 1.424861619150529668e+00
2.384455602231496218e+00 1.865469289164941369e+00
2.390737631861327372e+00 1.312544291511875461e+00
2.397015688929587718e+00 1.452407910999882867e+00
2.403297559533717376e+00 1.232715563708443485e+00
2.409586419743307228e+00 1.090030177056029892e+00
2.415875314660682172e+00 1.177303703154020775e+00
2.422164535679191655e+00 9.301402890360187525e-01
2.428442137972055104e+00 1.016309170570234288e+00
2.434719213815070837e+00 8.691728843739348065e-01
2.441002915255427563e+00 8.388027506855332271e-01
2.447292244015294216e+00 8.340509916495422171e-01
2.453574548397714494e+00 7.186722968056560301e-01
2.459853950840888093e+00 7.833378043533479884e-01
2.466141393364139400e+00 6.783973994783460970e-01
2.472424340910468477e+00 6.749159378191867953e-01
2.478699559716526224e+00 6.448242360527197681e-01
2.484981956405843295e+00 5.848420077560659847e-01
2.491271774374293368e+00 6.200801743741426453e-01
2.497550925125272325e+00 5.583582828791532338e-01
2.503833126215876170e+00 5.624166074431453666e-01
2.510118697329297710e+00 5.396065261700956350e-01
2.516402124721602629e+00 5.230571724519240684e-01
2.522689938852853420e+00 5.296541176099643922e-01
2.528973288009538134e+00 4.889524340714885842e-01
2.535253600549877362e+00 5.178350402962381693e-01
2.541538941914911476e+00 4.927612996068136964e-01
2.547825021627405206e+00 4.856900656766816038e-01
2.554103008122937002e+00 4.861426431529220493e-01
2.560378237915397648e+00 4.841246170772748880e-01
2.566669017775174755e+00 5.012076427536205081e-01
2.572956571054420216e+00 4.801094130797629034e-01
2.579236104287966125e+00 4.951249560886611945e-01
2.585522655546601989e+00 5.192381094120011031e-01
2.591808172184224546e+00 5.137083775855373347e-01
2.598087543498381002e+00 5.203452440167142257e-01
2.604361437550918978e+00 5.464122646028395369e-01
2.610647591905687293e+00 5.779404584686876900e-01
2.616933270352379548e+00 5.742634113778138927e-01
2.623207934884185466e+00 5.617804301692680413e-01
2.629492944384940412e+00 6.556212245701190655e-01
2.635779602277390499e+00 6.702689176746043920e-01
2.642061794567720945e+00 6.857030656166089866e-01
2.648344685049869529e+00 6.884105880898213625e-01
2.654633852395646088e+00 8.324327184308727423e-01
2.660920832685793602e+00 8.778853313890329080e-01
2.667200003651473139e+00 8.583065913336022090e-01
2.673485665061926309e+00 9.378423447204151664e-01
2.679774189917022653e+00 1.130481022876208996e+00
2.686059197445316293e+00 1.174647203735546208e+00
2.692340742040600254e+00 1.096344637326601257e+00
2.698619785325931719e+00 1.348150741525149243e+00
2.704896067289608741e+00 1.665903310458800579e+00
2.711176296267862273e+00 1.822134884861995818e+00
2.717460477624493720e+00 1.434129131415127878e+00
2.723746785600710485e+00 2.423814977690263106e+00
2.730040839622854598e+00 2.739024439478290329e+00
2.736320462271965681e+00 2.984545955083801161e+00
2.742593167856604897e+00 2.167615927019265420e+00
2.748880654965284887e+00 4.129317958457288107e+00
2.755164406907204988e+00 4.930298674372894929e+00
2.761447966179410241e+00 6.015821748517341305e+00
2.767734949986044413e+00 4.086153258131693278e+00
2.774018204230510154e+00 8.046554340210008149e+00
2.780299459131881701e+00 6.424246108059538329e+00
2.786578380850841974e+00 3.571810856532488287e+03
2.792858749059577761e+00 4.391352632982945536e+00
2.799144688897090116e+00 8.617296828231708616e+00
2.805431744286055018e+00 7.140586837111754903e+00
2.811716466586489993e+00 3.182126349450697500e+00
2.817990514261363710e+00 5.253273510734445040e+00
2.824271178017407902e+00 4.214895520982150146e+00
2.830565310473360352e+00 3.397166470171389729e+00
2.836850361681537702e+00 2.184709164311037011e+00
2.843131259198828698e+00 2.997158512257657392e+00
2.849415373186487965e+00 2.527486250587160033e+00
2.855698064670956882e+00 1.876455296930268357e+00
2.861978975302818640e+00 1.728325071356921150e+00
2.868263635614905827e+00 1.810995055940314069e+00
2.874548572895146759e+00 1.537251885303035692e+00
2.880833509046437424e+00 1.128579573029233174e+00
2.887115914775806313e+00 1.372002305455088056e+00
2.893396211301912935e+00 1.229276906381447043e+00
2.899675259048415388e+00 1.065955461139199256e+00
2.905955807169823046e+00 9.325615005944046798e-01
2.912242784565592046e+00 1.027867238012102558e+00
2.918528489082492516e+00 9.289893799549694409e-01
2.924812236943901578e+00 8.022512999246698140e-01
2.931097264553834236e+00 7.726935774880179242e-01
2.937379046647154990e+00 7.830742723955247397e-01
2.943662417245681340e+00 7.212749314222866026e-01
2.949948997849719756e+00 6.556464170239177935e-01
2.956228453902073561e+00 6.727671478207257749e-01
2.962510840116227673e+00 6.489435681047119875e-01
2.968797192440125965e+00 6.108518475456526931e-01
2.975078489423049533e+00 5.743006030893684777e-01
2.981360447198230457e+00 6.021654977732953107e-01
2.987647323528414223e+00 5.783468133608772321e-01
2.993932064934300641e+00 5.476066724939069319e-01
3.000209551562139421e+00 5.403023681856614635e-01
3.006487470944601892e+00 5.503000259282738726e-01
3.012770586989486521e+00 5.397645879094642440e-01
3.019055028984091837e+00 5.303201263130314924e-01
3.025339593109035885e+00 5.381587189854252218e-01
3.031624651041083141e+00 5.492441751851390164e-01
3.037909525040372927e+00 5.456490273687816250e-01
3.044196264475506730e+00 5.469778867737150607e-01
3.050477886447245712e+00 5.689204161339711519e-01
3.056756711732924625e+00 5.774227082569054481e-01
3.063041213115731409e+00 5.871026752774316515e-01
3.069324013399330031e+00 6.056268493728569347e-01
3.075611272807551533e+00 6.273762692605755475e-01
3.081895489281643030e+00 6.508746723964838887e-01
3.088176199887292306e+00 6.850685552894534291e-01
3.094459112917897325e+00 7.100864905493765589e-01
3.100744234350492956e+00 7.676187507255411990e-01
3.107029324214496846e+00 8.008026876305762709e-01
3.113310425776543600e+00 8.479756774296339783e-01
3.119592029507459507e+00 8.793742396210291190e-01
3.125875559417674587e+00 9.415768190607938237e-01
3.132160147770352676e+00 9.888945044421982855e-01
3.138440210879888337e+00 1.128979816729188457e+00
3.144724491651683440e+00 1.202532109660736870e+00
3.151004924765398840e+00 1.362818784331473632e+00
3.157285342196649136e+00 1.459052030957279422e+00
3.163570603826113992e+00 1.608627391171455256e+00
3.169852350185627277e+00 1.808004858960563066e+00
3.176138770387999966e+00 2.060263460097263355e+00
3.182422419512343836e+00 2.240780047922985130e+00
3.188703671424619746e+00 2.620278426310749698e+00
3.194991280550246948e+00 2.975605965099758610e+00
3.201276738120839127e+00 3.685686211669891410e+00
3.207553033218304872e+00 4.606812383859997695e+00
3.213836161597863672e+00 3.044228688163214347e+00
3.220123259784395398e+00 2.121971165018355805e+03
3.226407551420531483e+00 3.943984699106763969e+00
3.232689305629245613e+00 4.480088084145756433e+00
3.238971071582136041e+00 3.645181147254975773e+00
3.245255685894246067e+00 3.131580109903557840e+00
3.251535715250951863e+00 2.782343669860318336e+00
3.257819502328903827e+00 2.440512398103154457e+00
3.264103492610594071e+00 2.230890617556470445e+00
3.270384810144397303e+00 1.986570063278560783e+00
3.276670428022039783e+00 1.882924766181742537e+00
3.282955566270326919e+00 1.754352694844771632e+00
3.289237716703969916e+00 1.619485864273325859e+00
3.295520653962330293e+00 1.506052876218948899e+00
3.301807644101458550e+00 1.409180869178773721e+00
3.308089302529158449e+00 1.363966313058060598e+00
3.314368987794545252e+00 1.280351303009706898e+00
3.320652691368451315e+00 1.253738810935818737e+00
3.326932422871479833e+00 1.211108580981590688e+00
3.333218115701501727e+00 1.191943136662364289e+00
3.339505861603602188e+00 1.169361601144721208e+00
3.345788344868127595e+00 1.160960358315385577e+00
3.352073190624765164e+00 1.148152659239345175e+00
3.358352694183646125e+00 1.170996317516839413e+00
3.364631227903127186e+00 1.167151964129165664e+00
3.370918965384773536e+00 1.155507176259668034e+00
3.377201513381668629e+00 1.176372659119191422e+00
3.383485934595764633e+00 1.239932778357589527e+00
3.389772491671652066e+00 1.250377305336976441e+00
3.396053991719500509e+00 1.262702025336188916e+00
3.402334005192525712e+00 1.288967322589068543e+00
3.408611853508482170e+00 1.397839884546814293e+00
3.414897839864825535e+00 1.444294384429395617e+00
3.421181285155862728e+00 1.476383468051053693e+00
3.427465364374100876e+00 1.501850039149043470e+00
3.433754096688785840e+00 1.648592938041305800e+00
3.440035356242748144e+00 1.754748676363242277e+00
3.446315808169163386e+00 1.789550116531616997e+00
3.452602963757077426e+00 1.844018296325733663e+00
3.458885619127623823e+00 2.056570011253316288e+00
3.465165758924614980e+00 2.310882508389195955e+00
3.471451503231973046e+00 2.371092366860048095e+00
3.477736678957558336e+00 2.431965922616807330e+00
3.484022358005950615e+00 2.578646014772008943e+00
3.490300354914448899e+00 3.260269258848408569e+00
3.496585015994501777e+00 3.142596525873440072e+00
3.502870831105572069e+00 3.261313418932359820e+00
3.509147722814735637e+00 3.447715648992294657e+00
3.515429662141086098e+00 4.854840194188481561e+00
3.521712008697834850e+00 4.686239249849385224e+00
3.527993736944767811e+00 4.843020696395648805e+00
3.534279159635547618e+00 5.295363658394093065e+00
3.540566564128809546e+00 7.789341241393951343e+00
3.546847878650843722e+00 7.357401002000900192e+00
3.553133555247947939e+00 7.714750846495945780e+00
3.559420214763478363e+00 8.504926711412062801e+00
3.565699480408631494e+00 1.375952135369998430e+01
3.571981368517234134e+00 1.346695171553816728e+01
3.578268698423837879e+00 1.406384028899339889e+01
3.584550774530670392e+00 1.496168114707344010e+01
3.590828935987784298e+00 1.877471292725702767e+01
3.597110718088889492e+00 7.025372492148056153e+03
3.603396512424406506e+00 1.620950096001771712e+01
3.609676747082802173e+00 1.715558514428774473e+01
3.615957977992316330e+00 1.486806115397904016e+01
3.622243580426721010e+00 1.696009969683534635e+01
3.628522628462809596e+00 1.037363079020374279e+01
3.634808120005133425e+00 8.951929911248788230e+00
3.641096965386622752e+00 8.077711800270330755e+00
3.647384913781243299e+00 9.334504515089699694e+00
3.653666753133836043e+00 6.886260637583339062e+00
3.659947726352769770e+00 6.020430659346066804e+00
3.666234893709818365e+00 5.480009812281705806e+00
3.672516996003137191e+00 5.647011970398806646e+00
3.678797940623468765e+00 4.977985785695957510e+00
3.685082198750683435e+00 4.282704011426703872e+00
3.691363013935667237e+00 3.938331069253176331e+00
3.697646206996081375e+00 3.805280648585972703e+00
3.703928900991629636e+00 3.905839735496894338e+00
3.710211472841704605e+00 3.446292905322490885e+00
3.716497167052446926e+00 3.185380713107543116e+00
3.722777172938726675e+00 3.065652676776315921e+00
3.729061287240359235e+00 3.180163938052198436e+00
3.735344545777875336e+00 2.996755861690999279e+00
3.741626449543836941e+00 2.786130684868953100e+00
3.747909505093512728e+00 2.779895928134545002e+00
3.754193016198873689e+00 2.788306077216683221e+00
3.760479637558913790e+00 2.775034406630603190e+00
3.766759446133269851e+00 2.687055875242904790e+00
3.773037643559592702e+00 2.654363393063438270e+00
3.779325182447645037e+00 2.767248913088803164e+00
3.785611241998332765e+00 2.725923079219151113e+00
3.791893886399857028e+00 2.877839968986373176e+00
3.798178379008452232e+00 2.740445198690284467e+00
3.804460597007844669e+00 3.117143256598728929e+00
3.810741293786842121e+00 2.978623841336532685e+00
3.817024656157668172e+00 3.357821031730467976e+00
3.823308984901775620e+00 3.257547994388526824e+00
3.829591178579501598e+00 3.617067454888025058e+00
3.835873668636422096e+00 3.730682882435816250e+00
3.842161045612500381e+00 3.896266394147929191e+00
3.848445733590433626e+00 4.390464196135981823e+00
3.854726100441019820e+00 4.124128798880803970e+00
3.861008152561713036e+00 5.719604789848537152e+00
3.867288667520160317e+00 4.980512091935277219e+00
3.873571407143857837e+00 6.967550016176441652e+00
3.879855154507281689e+00 6.162950729309776499e+00
3.886140680133453706e+00 8.755502527160428983e+00
3.892423554426630350e+00 7.576656382141037760e+00
3.898707135643554089e+00 1.099394663872193334e+01
3.904992757440263862e+00 1.009041338648359343e+01
3.911274451483945036e+00 1.402739430907178075e+01
3.917556732333046021e+00 1.559403610158504172e+01
3.923841166575323225e+00 1.496865744353558014e+01
3.930124816016721478e+00 2.338683315790607864e+01
3.936403665333011226e+00 1.064497660282147073e+01
3.942687802723190860e+00 6.037796318675797920e+03
3.948975148759096498e+00 1.727173841639439544e+01
3.955262046498601247e+00 2.325711622594167594e+01
3.961543413939611291e+00 1.356473791187125322e+01
3.967823997647459411e+00 1.486583905406590489e+01
3.974109649109424769e+00 1.058436168129518506e+01
3.980390315513306465e+00 8.521247272355186198e+00
3.986670633178865497e+00 1.059097757036196263e+01
3.992954341574337374e+00 6.835144651562835350e+00
3.999239437674898312e+00 8.166152600592669231e+00
4.005522652480014045e+00 5.693267456731780030e+00
4.011802048177673718e+00 6.272739392479810938e+00
4.018085141715408426e+00 4.778487534365472911e+00
4.024369535233901729e+00 4.604301647236971107e+00
4.030649783293330124e+00 4.205809974973807819e+00
4.036932679129111357e+00 3.507715955949810560e+00
4.043220418290019325e+00 3.833528439225761364e+00
4.049507661662086200e+00 2.971745965174314108e+00
4.055788045907045891e+00 3.297565463087689164e+00
4.062067059164522043e+00 2.674147766154024719e+00
4.068352854787344874e+00 2.744697972792198737e+00
4.074635659509510788e+00 2.369292116070904175e+00
4.080917054045270831e+00 2.286465026559601377e+00
4.087205686088069889e+00 2.131291895723860907e+00
4.093490301644573393e+00 1.934040330716984002e+00
4.099770438207295697e+00 1.955455630741077311e+00
4.106052527015961573e+00 1.693288911870506785e+00
4.112336138144955910e+00 1.760813914790184675e+00
4.118621532583603972e+00 1.542200709758306809e+00
4.124903585067976941e+00 1.550909316785802794e+00
4.131182712642240240e+00 1.411020338450246436e+00
4.137468630000815217e+00 1.370503612955287220e+00
4.143753536347550614e+00 1.302585512463579676e+00
4.150036722937140432e+00 1.215260230044701739e+00
4.156319556835904372e+00 1.199798445342102671e+00
4.162601167118149981e+00 1.099380875347176545e+00
4.168887134570721464e+00 1.110294508109756162e+00
4.175169561765874171e+00 1.030118095677882151e+00
4.181452242899395877e+00 1.024008635998481687e+00
4.187739255360579449e+00 9.646415480409205045e-01
4.194021594670000574e+00 9.456971146456699673e-01
4.200300760695198754e+00 9.073183165771032677e-01
4.206583573312412838e+00 8.825275977165893959e-01
4.212864548425995892e+00 8.549040826835655471e-01
4.219147128485455589e+00 8.363010541380977436e-01
4.225433661438403377e+00 8.237745619697772748e-01
4.231718368477329406e+00 7.907890854137565873e-01
4.237998895475036498e+00 7.937621056485967275e-01
4.244279597466258380e+00 7.514363580866001424e-01
4.250566280105218198e+00 7.809048568025352965e-01
4.256851587952112936e+00 7.386506599976065957e-01
4.263132860899111698e+00 7.513677238612389564e-01
4.269414568915884445e+00 7.414863473812880468e-01
4.275698115740782512e+00 7.232465759405957151e-01
4.281980156021848671e+00 7.567311995153611637e-01
4.288263338818810944e+00 7.099007655996525390e-01
4.294548516739729926e+00 7.683354405128582920e-01
4.300830910891001224e+00 7.313164177754780670e-01
4.307114686814344395e+00 7.571940047647525152e-01
4.313397714262970695e+00 7.729444290521819694e-01
4.319680042548951882e+00 7.351264999170056269e-01
4.325962677260454470e+00 8.340790439231793307e-01
4.332247955255882133e+00 7.803002231926379206e-01
4.338534851577296791e+00 8.505625271023495859e-01
4.344817821624197940e+00 8.406370007145308465e-01
4.351099303949236052e+00 8.372843374614340473e-01
4.357383544198474290e+00 9.589250419908055267e-01
4.363669160634735533e+00 8.770092780214633343e-01
4.369952160826413134e+00 1.038670834209247662e+00
4.376231841677308942e+00 9.779678039994403882e-01
4.382510196913425915e+00 1.061676965676150663e+00
4.388795959382868261e+00 1.146427290300236601e+00
4.395079843903230810e+00 1.026902562012340425e+00
4.401360933733665881e+00 1.381495720411227035e+00
4.407643714302012405e+00 1.186403305929457197e+00
4.413926461136920665e+00 1.489165173435301082e+00
4.420212544897195173e+00 1.426978486229266263e+00
4.426495749838379012e+00 1.390202601272539695e+00
4.432779159072235409e+00 1.950401673942107283e+00
4.439059915458222427e+00 1.524998793710421907e+00
4.445341878237662137e+00 2.244931625841977585e+00
4.451628428868033005e+00 1.834114875060601335e+00
4.457914551035861095e+00 2.354486442156327630e+00
4.464200235517868265e+00 2.507707374495866670e+00
4.470482182628605194e+00 2.150719896976029943e+00
4.476764673345638990e+00 3.787433092651262712e+00
4.483049464187839561e+00 2.641280587097238008e+00
4.489333155731497271e+00 4.598181698538815532e+00
4.495613345822325080e+00 3.447506734730309219e+00
4.501892119142445026e+00 3.403547078619915567e+00
4.508175121787952655e+00 6.755782708927487334e+00
4.514460900366407792e+00 4.341356218506907005e+00
4.520742053546796591e+00 9.454617995058521629e+00
4.527023810359859013e+00 6.297903018755494742e+00
4.533308960469576654e+00 1.202892585853775920e+01
4.539592363903683037e+00 7.825399231102563746e+00
4.545874919538348990e+00 5.968613474466788915e+00
4.552157687156885402e+00 2.483775487221699677e+03
4.558443781612104395e+00 7.864314632351453227e+00
4.564727638565654111e+00 1.384831261712590234e+01
4.571009437592583602e+00 6.397261981908578754e+00
4.577294624203679163e+00 5.501287726949687595e+00
4.583578089646453968e+00 8.751461868530650889e+00
4.589862179487309568e+00 4.598829317216991619e+00
4.596143999485379439e+00 6.721048004146855881e+00
4.602425263016355572e+00 4.178274258922533235e+00
4.608712017363744806e+00 4.510523275203470739e+00
4.614996038799121791e+00 4.746460346199150138e+00
4.621277296175202665e+00 3.454545026501410820e+00
4.627559936726636458e+00 4.523296788373308175e+00
4.633841741478233800e+00 3.325796498735586137e+00
4.640122475394416135e+00 3.762809692619951907e+00
4.646404355152583321e+00 3.570773493293281309e+00
4.652690604636823046e+00 3.187627441427361319e+00
4.658976230417983366e+00 3.868798534232539499e+00
4.665257901055365863e+00 3.325644756374337874e+00
4.671540647875587204e+00 3.684282771833113479e+00
4.677823961431464284e+00 3.593926175026671554e+00
4.684108235097336426e+00 3.483258623759762695e+00
4.690391798870516382e+00 4.053903525696043175e+00
4.696675467203847987e+00 3.839351753898620156e+00
4.702958737792436672e+00 4.261232690818407498e+00
4.709239588303709922e+00 4.330585777473480391e+00
4.715521529300301218e+00 4.529529197977634425e+00
4.721804241650856326e+00 4.937623766561505256e+00
4.728088995851720711e+00 5.053427922014622986e+00
4.734372372593826483e+00 5.580260916660987114e+00
4.740653441478511532e+00 5.892210720551335434e+00
4.746937690136521226e+00 6.545072327979391424e+00
4.753220866740556438e+00 7.171661923738385624e+00
4.759499584445610942e+00 7.844824976679201534e+00
4.765784674643524177e+00 8.783883722683638595e+00
4.772072066667437440e+00 9.516815082790287761e+00
4.778354574712954772e+00 1.074646246770390512e+01
4.784639688699459548e+00 1.211324130921387088e+01
4.790924571112255670e+00 1.345397087902408195e+01
4.797207630427470448e+00 1.606787458320387074e+01
4.803491281906666188e+00 1.879597052550354874e+01
4.809774797188141271e+00 2.165959321571967067e+01
4.816055012942697999e+00 2.296732877173108633e+01
4.822335756210613056e+00 1.215297020876201486e+03
4.828618372965728156e+00 4.559071822155893642e+03
4.834902420031529147e+00 2.406725335047031678e+01
4.841185408631580422e+00 2.368902668341231177e+01
4.847466912745727718e+00 2.003574527016820639e+01
4.853753607692918415e+00 1.659738400752907594e+01
4.860040654770696023e+00 1.474009137363830746e+01
4.866322071713594433e+00 1.319425366318611559e+01
4.872604241020684235e+00 1.174755681423116549e+01
4.878889019589767173e+00 1.063718679596020600e+01
4.885169833709484877e+00 9.824708206510017305e+00
4.891451276335970988e+00 8.932216900246173097e+00
4.897735676523086390e+00 8.243558514648004376e+00
4.904020888466774863e+00 7.492618902306059425e+00
4.910302466098539043e+00 6.957930904427259478e+00
4.916582728670469749e+00 6.595867927368320061e+00
4.922870405746558653e+00 6.307384216941284372e+00
4.929152603204811633e+00 5.966362413470790216e+00
4.935433400905724355e+00 5.727169905119576576e+00
4.941720002621369012e+00 5.538501967843751927e+00
4.948000629162284447e+00 5.388909416450357703e+00
4.954284600437537378e+00 5.300405786485616666e+00
4.960568964118362345e+00 5.367134244777626684e+00
4.966849452054189484e+00 5.266381811365960175e+00
4.973133312553746244e+00 5.188085581654380718e+00
4.979416667731975110e+00 5.154771499842273563e+00
4.985701847394269137e+00 5.170950836667355333e+00
4.991986126907685062e+00 5.263296499057974920e+00
4.998266089552569014e+00 5.716132600104615769e+00
5.004548850075229538e+00 5.778462148315779423e+00
5.010834613416704109e+00 5.939473904551004324e+00
5.017114133618883365e+00 6.072720530241459080e+00
5.023396754503464123e+00 6.356853922534432932e+00
5.029682555385535103e+00 6.682294486354214413e+00
5.035962952494468681e+00 8.253476411326525763e+00
5.042248916723991670e+00 8.186887510467188989e+00
5.048534518437475249e+00 8.643791509578408139e+00
5.054817055058077102e+00 9.004460560837017624e+00
5.061103124450734292e+00 1.028257680038602118e+01
5.067385418511126005e+00 1.160838092475536953e+01
5.073665350133166108e+00 1.415181056830436113e+01
5.079944158568527435e+00 1.303581601546675550e+01
5.086229157971559722e+00 4.451196283652563579e+03
5.092516081670024342e+00 1.227533466368449311e+01
5.098799062815714933e+00 1.352333416954935963e+01
5.105081564999609967e+00 1.201061232784109478e+01
5.111362075909486435e+00 1.182802229632741664e+01
5.117646708276604173e+00 9.677202901834688120e+00
5.123931579419740423e+00 8.502865829769543637e+00
5.130214175713612157e+00 7.811738302048066629e+00
5.136495802354272833e+00 7.240262569546268345e+00
5.142780182582010973e+00 6.808029576652110393e+00
5.149064547742418618e+00 6.819994071245993439e+00
5.155344632471284605e+00 6.498846787479407361e+00
5.161628512901673460e+00 5.880586899847950910e+00
5.167914708882204167e+00 5.531149522793585405e+00
5.174198770587969065e+00 5.253867177138348943e+00
5.180481984271699147e+00 5.185487166983677731e+00
5.186765863297754464e+00 5.096026088810199361e+00
5.193047702705746893e+00 5.078862925306280474e+00
5.199327701301567295e+00 4.962388450717131860e+00
5.205610051315074038e+00 4.895667812306629507e+00
5.211893783792568513e+00 4.804293629545924205e+00
5.218178654991308285e+00 4.878167661779081676e+00
5.224460565579556182e+00 5.039860408743067843e+00
5.230741351715697540e+00 5.024282320412172709e+00
5.237027120177700112e+00 5.126826223313534214e+00
5.243314739467697549e+00 5.504843389570969414e+00
5.249595278023606149e+00 5.372964815286246143e+00
5.255875849079584938e+00 5.637372776045607381e+00
5.262158673469957471e+00 6.605907668240496911e+00
5.268439395112831214e+00 6.353961801725783509e+00
5.274722108206590931e+00 6.525474048047469111e+00
5.281007345641278938e+00 8.375481737702784812e+00
5.287293380248259567e+00 7.853533784246787164e+00
5.293576735145029133e+00 8.460575094092090964e+00
5.299860851423467523e+00 1.084877259941013961e+01
5.306144493245258609e+00 1.080621321995527673e+01
5.312427159026070100e+00 1.205140709363959495e+01
5.318710177455853838e+00 1.623533584610461133e+01
5.324993165098304893e+00 1.496814532947237630e+01
5.331278074387978627e+00 1.229330970843298942e+01
5.337561778582737837e+00 4.191545397905676509e+03
5.343844392417137712e+00 1.583182146416505987e+01
5.350127046241198059e+00 1.407752757908052921e+01
5.356410632573585850e+00 1.409589377812205235e+01
5.362696075374680404e+00 1.082595570386692962e+01
5.368977622023428431e+00 9.401510402153464341e+00
5.375259264787404234e+00 9.020738841322959445e+00
5.381542175673222239e+00 8.640335600142801553e+00
5.387824976115930475e+00 7.024597769901959055e+00
5.394108529100064331e+00 6.592095410222159835e+00
5.400390002504265929e+00 7.092113939372528542e+00
5.406673750202084960e+00 5.768720292775663339e+00
5.412955699794467890e+00 5.288910632536293122e+00
5.419237955148318520e+00 5.593777887459392417e+00
5.425523090525197212e+00 4.941508235152000772e+00
5.431805715860540396e+00 4.604243532412552575e+00
5.438090831113179924e+00 4.574254879027868093e+00
5.444374481405862554e+00 4.519205848320280161e+00
5.450656385985535479e+00 4.303094014547014901e+00
5.456941012042004324e+00 4.286346729825851298e+00
5.463223574256159232e+00 4.020999430598839020e+00
5.469506233746614043e+00 4.203260511339826699e+00
5.475791313392783799e+00 4.218659309799400958e+00
5.482076520806099751e+00 4.077665511678837618e+00
5.488361758921633360e+00 3.977858118133964727e+00
5.494642978338553085e+00 4.500098011869330783e+00
5.500922328851260090e+00 4.767178503915519450e+00
5.507204020884158169e+00 3.982128960712188803e+00
5.513487086383534574e+00 4.990597410378113885e+00
5.519772673170036725e+00 5.638601016771261243e+00
5.526055063335959083e+00 5.778766157490828448e+00
5.532333106276354329e+00 4.664184765008558387e+00
5.538615491667449930e+00 6.966811492246250737e+00
5.544903720115636148e+00 8.130998497937268255e+00
5.551187288815954801e+00 9.330644981956043083e+00
5.557470531467981090e+00 6.487420902302744707e+00
5.563755611658447897e+00 1.040774409906157238e+01
5.570037554875349350e+00 1.291647912723213722e+03
5.576319117887759802e+00 9.498349425316170880e+00
5.582602002155147680e+00 7.102967925221529200e+00
5.588888631490213754e+00 1.013040999153249722e+01
5.595175275496153233e+00 8.642736097864325728e+00
5.601458712915984961e+00 5.196218608468902822e+00
5.607739290868620330e+00 7.216934780561095053e+00
5.614020862542647983e+00 6.469777195501215772e+00
5.620301751604071860e+00 5.833112469933613653e+00
5.626585003660349749e+00 4.444889690534576054e+00
5.632870193703824135e+00 5.523802752550673212e+00
5.639149634200363970e+00 5.183926077409766187e+00
5.645432108629827361e+00 4.753631348198288364e+00
5.651717488754057328e+00 4.263359604376653955e+00
5.658002094958268557e+00 4.930316358828745749e+00
5.664286976960462461e+00 4.724865982965137157e+00
5.670566925585673879e+00 4.406683539071373445e+00
5.676852042208761162e+00 4.863257100927596888e+00
5.683137388589912575e+00 4.789372881729056175e+00
5.689418158699685257e+00 5.098737148855013501e+00
5.695702068056029077e+00 5.018702883232837308e+00
5.701985967982890813e+00 5.332733219068177100e+00
5.708271056387263620e+00 5.785043454396107343e+00
5.714552979709825564e+00 5.768908131094372393e+00
5.720831601415190093e+00 6.336023295547858147e+00
5.727115355927898221e+00 7.023525675762847698e+00
5.733398957275753105e+00 6.786073416462936159e+00
5.739684091351107575e+00 8.222600516429359629e+00
5.745967659604392708e+00 8.461441966120959890e+00
5.752250391047120992e+00 9.108401756741816513e+00
5.758534671789668380e+00 1.088697980172121227e+01
5.764815058099513223e+00 1.016915335223767691e+01
5.771097431484660589e+00 1.422469096524216425e+01
5.777380386878713026e+00 1.621048870845115886e+01
5.783664936364128373e+00 1.444435612933262014e+01
5.789947151929451863e+00 1.902383174405641242e+01
5.796231493774793186e+00 1.378239328862495583e+01
5.802516691340624533e+00 3.881265694041455390e+03
5.808797995112186641e+00 2.028742678692791301e+01
5.815082184083208539e+00 1.664215341027992423e+01
5.821365271507954020e+00 1.638963699805079344e+01
5.827645525290467532e+00 1.200212151718828579e+01
5.833928171908906890e+00 1.340648603655604987e+01
5.840215967589452717e+00 1.196198373113029056e+01
5.846501812893647454e+00 1.019796999295876994e+01
5.852781909673957728e+00 1.072682785414510498e+01
5.859063783293738226e+00 8.957260654653957488e+00
5.865349571500913406e+00 9.958224193190604367e+00
5.871632939480924129e+00 9.267618408031957244e+00
5.877914823986006176e+00 8.611503201191935020e+00
5.884196626054889023e+00 8.902923014722416539e+00
5.890479074317132913e+00 8.713282565620499298e+00
5.896763574100915228e+00 9.172683098970940918e+00
5.903046036848450306e+00 8.972074884485872204e+00
5.909328377713869429e+00 8.967751202476483385e+00
5.915613028288355224e+00 9.860024915001734058e+00
5.921894409622731281e+00 9.952869608547795011e+00
5.928177134794152536e+00 1.035495329590098912e+01
5.934464774883918992e+00 1.070389699828578856e+01
5.940751250578068188e+00 1.218477027195574358e+01
5.947033452245725549e+00 1.305144032226600537e+01
5.953312775740306151e+00 1.340344375417258860e+01
5.959594106507988265e+00 1.445837316086192104e+01
5.965876424548630652e+00 1.716825178501230198e+01
5.972161112468720390e+00 1.892579234266413479e+01
5.978446099492319199e+00 1.972159743349842032e+01
5.984727467931779010e+00 2.122707709139003640e+01
5.991012985181142447e+00 2.853395266711828882e+01
5.997297612744741713e+00 3.266700641708705888e+01
6.003577416164464609e+00 3.374667324836066484e+01
6.009860806138807909e+00 3.377527844431565995e+01
6.016144510375737831e+00 7.453769752669485570e+03
6.022426254013592661e+00 3.604090448876409170e+01
6.028706803290871719e+00 3.327251188930926418e+01
6.034987951204773715e+00 3.778180028310540450e+01
6.041274067685003857e+00 3.059737558936149426e+01
6.047558134944117647e+00 2.524425460798440568e+01
6.053840825089524813e+00 1.898708320858223431e+01
6.060125328398456190e+00 2.057801840978633123e+01
6.066409969294784155e+00 1.773003522861231573e+01
6.072694327029352301e+00 1.570539061122219771e+01
6.078974651295977694e+00 1.287010732814774805e+01
6.085257277597498238e+00 1.336123924548647501e+01
6.091541245232643398e+00 1.194525900427578335e+01
6.097826243439735450e+00 1.022079953220709925e+01
6.104111770776667889e+00 9.205342736546056059e+00
6.110396747466277034e+00 9.181420499412588754e+00
6.116679071538609236e+00 8.262530530039979837e+00
6.122958529493147672e+00 7.425677525780662869e+00
6.129240445810509641e+00 6.997185210977058922e+00
6.135524780557309654e+00 6.828397235070866600e+00
6.141807474577858805e+00 6.273921942437710619e+00
6.148089386189230510e+00 5.708640739280036236e+00
6.154375713159891070e+00 5.518125811855539631e+00
6.160661139581105950e+00 5.258559801258263278e+00
6.166941022971138331e+00 4.896296958893550766e+00
6.173222562097184785e+00 4.563308651353684020e+00
6.179507647741183440e+00 4.477659325349579333e+00
6.185789356936125749e+00 4.258499653078739122e+00
6.192072249861043431e+00 4.027404199416624309e+00
6.198356783359496802e+00 3.796811313034272217e+00
6.204641274559973496e+00 3.736448701784831794e+00
6.210924271106035732e+00 3.568743384723692458e+00
6.217206768102415460e+00 3.426283038429514427e+00
6.223486202302879633e+00 3.253796523894227466e+00
6.229767722260432627e+00 3.227706408719938747e+00
6.236054214854060085e+00 3.109507147248470105e+00
6.242340046436461343e+00 2.990965107951629509e+00
6.248623268972994360e+00 2.920148394351659071e+00
6.254906079998900026e+00 2.897341442162822300e+00
6.261190798611801611e+00 2.820288862678374198e+00
6.267470893840453527e+00 2.751417122744330257e+00
6.273752395561465356e+00 2.709379946936832262e+00
6.280038415116336203e+00 2.711424298921395692e+00
6.286322359143823313e+00 2.665942477886662498e+00
6.292605930180390494e+00 2.632487914026961917e+00
6.298890629102372074e+00 2.617929640501210908e+00
6.305171573266470375e+00 2.627044311488640371e+00
6.311455101240412091e+00 2.610028338022717609e+00
6.317739752668598996e+00 2.626342949455324760e+00
6.324019791664828638e+00 2.637237372358159249e+00
6.330300090404453961e+00 2.682817887470505536e+00
6.336582976227302488e+00 2.704540166987274841e+00
6.342866512790590328e+00 2.730163604468395455e+00
6.349149664171966911e+00 2.781758305936968156e+00
6.355436214245748339e+00 2.864478655787391137e+00
6.361722100221464338e+00 2.890702146845331999e+00
6.368004157429771439e+00 2.988079371648864058e+00
6.374285543992137093e+00 3.061402500730409315e+00
6.380569360201161722e+00 3.144076361906419148e+00
6.386853196179592906e+00 3.240672913465404203e+00
6.393134053012607509e+00 3.407715311262236479e+00
6.399418824019404539e+00 3.495018423956955722e+00
6.405704396360532904e+00 3.591176769098576749e+00
6.411984928491945013e+00 3.663290154183852732e+00
6.418265745466296579e+00 3.891549031218954902e+00
6.424549958658937854e+00 3.926015374444799200e+00
6.430834939158401653e+00 4.040318026664835749e+00
