8.899641653093008295e-03 3.416023841271033756e+00
1.539332528288165670e-02 4.011452568901909821e+00
2.155046762996598239e-02 3.866096496582031250e+00
2.783660762585126597e-02 3.404940091646635025e+00
3.439928854529101382e-02 2.870139195368840213e+00
4.083988908678293228e-02 2.429064989089965820e+00
4.696089820801348236e-02 2.127627342334692084e+00
5.319831544433587661e-02 1.925615038190569006e+00
5.953007160048735813e-02 1.781412974575109720e+00
6.593106050382960270e-02 1.655271388767482588e+00
7.211112823241795644e-02 1.526027581630609031e+00
7.840743265709380905e-02 1.372546362736370318e+00
8.486374147573563786e-02 1.205777084389677567e+00
9.105720993371453631e-02 1.060347503200825381e+00
9.723119438183111529e-02 9.377164446721311108e-01
1.035474523099094157e-01 8.384343401929765793e-01
1.098380096325790867e-01 7.552255145307672501e-01
1.160878800454857029e-01 6.842802655843484017e-01
1.223769048302436324e-01 6.238089388968295346e-01
1.287591547856025143e-01 5.699317708815765382e-01
1.350589943281513827e-01 5.237602215141277107e-01
1.412290290659165837e-01 4.840449075367060372e-01
1.475161690700088069e-01 4.484928315860932657e-01
1.537996369822966225e-01 4.159915017384610558e-01
1.601026478659483554e-01 3.874388162262771274e-01
1.664508001660549019e-01 3.619541223119431272e-01
1.727583237560037233e-01 3.383999780611191555e-01
1.790245845132147351e-01 3.176298841918255289e-01
1.852702546080971790e-01 2.986816494355602480e-01
1.914887492119529966e-01 2.817341045938051569e-01
1.977904085892937536e-01 2.657831634932720788e-01
2.041115446406587541e-01 2.511798895116387209e-01
2.104256850836569714e-01 2.376477693256578705e-01
2.167058561960866769e-01 2.252474975174150185e-01
2.229761248051159717e-01 2.139756739559730558e-01
2.292828550697881274e-01 2.032282745732871820e-01
2.355310205895554676e-01 1.934862063758149286e-01
2.418144967727207939e-01 1.843924404781767390e-01
2.481043196360692704e-01 1.759313387003501594e-01
2.543667409246888611e-01 1.680529935271996567e-01
2.606678092543103231e-01 1.606193806913912003e-01
2.669430136113040697e-01 1.533269173544985209e-01
2.732519464783976226e-01 1.468030168745076969e-01
2.795627339315375770e-01 1.407078285001765738e-01
2.858373502475139438e-01 1.348590672080244857e-01
2.920953075698756729e-01 1.293965117015981880e-01
2.983525092968341563e-01 1.241210473876643988e-01
3.046702740008471189e-01 1.192352964689645800e-01
3.109590627528140416e-01 1.145235421703050677e-01
3.172239916515500191e-01 1.100485981652276207e-01
3.235299724572279767e-01 1.058794355513846125e-01
3.298388395071043533e-01 1.018894581208130423e-01
3.361383844359337458e-01 9.804494846096899197e-02
3.423877713306480719e-01 9.445794136159499366e-02
3.486623155692267217e-01 9.105647761456733824e-02
3.549448882949312045e-01 8.768090456252823628e-02
3.611996781549324798e-01 8.445288770664591271e-02
3.674875026172954029e-01 8.146725896768657049e-02
3.737698636248200090e-01 7.855380090090663403e-02
3.800714314497639634e-01 7.576776203269769416e-02
3.863585763589229560e-01 7.310256422226658890e-02
3.926354401118986037e-01 7.046755247541204581e-02
3.989457585494922132e-01 6.803063095195933940e-02
4.052156663313305485e-01 6.561692330991182598e-02
4.115034152883392804e-01 6.338215396771587629e-02
4.177905076349040514e-01 6.112204206158570324e-02
4.240487051047501788e-01 5.904138366422849449e-02
4.303463415118498614e-01 5.692984561861446496e-02
4.366358695421740932e-01 5.502364959721833121e-02
4.429029287921816826e-01 5.312582104273400052e-02
4.491680252572889942e-01 5.138432067058715941e-02
4.554486850820457788e-01 4.951895972050829320e-02
4.617725565885423267e-01 4.779427323486377943e-02
4.680757412093953795e-01 4.615429360031292338e-02
4.743564916629640638e-01 4.458271025023414352e-02
4.806425428564732871e-01 4.296816307539953056e-02
4.869129233098823395e-01 4.148139584334803454e-02
4.931745196394184405e-01 4.010701019359131508e-02
4.994506890543656263e-01 3.869383909984776965e-02
5.057241638978529075e-01 3.731583355948178693e-02
5.120042719980517631e-01 3.597799311285644619e-02
5.183192340646139984e-01 3.472117097152223331e-02
5.246161892892522438e-01 3.353286481688553394e-02
5.308869673046785476e-01 3.231248185071932538e-02
5.371637224096752483e-01 3.113670683192388058e-02
5.434652729571635144e-01 3.004369077109077593e-02
5.497524178004593587e-01 2.900909420660100976e-02
5.559970921381958142e-01 2.786054356502764423e-02
5.622866379023159222e-01 2.690174312881860388e-02
5.686033203527380842e-01 2.589418818271642386e-02
5.748823709563090079e-01 2.492698493304635124e-02
5.811585199734176088e-01 2.398006066708181783e-02
5.874446517276211699e-01 2.311987165015896503e-02
5.937246335834056588e-01 2.225243529805084192e-02
6.000023445208265693e-01 2.139592161565542078e-02
6.062700655927123483e-01 2.058271174296501596e-02
6.125564878198721530e-01 1.986152650321224358e-02
6.188675697062213654e-01 1.904718813862746676e-02
6.251436203714340056e-01 1.829373681180754968e-02
6.314092032308914471e-01 1.759670741174131081e-02
6.377070744462735030e-01 1.693416520444796305e-02
6.439915699782213787e-01 1.623745785485299423e-02
6.502746657481665027e-01 1.555548063061102694e-02
6.565654463687421449e-01 1.499692731895040272e-02
6.628457378217490481e-01 1.434584489871629752e-02
6.691273712706959920e-01 1.376725916465078824e-02
6.754135024521100705e-01 1.319266007554589608e-02
6.816942288653291548e-01 1.264924628807387146e-02
6.879707219643064198e-01 1.216167137080951394e-02
6.942401964891569133e-01 1.161027302748401935e-02
7.005213539313046578e-01 1.112874504056881805e-02
7.068163049835881617e-01 1.067135831599257297e-02
7.131046379544038194e-01 1.021610658995719158e-02
7.193979933183044517e-01 9.766269334284692974e-03
7.256912769458278012e-01 9.326517672939155235e-03
7.319732112087881104e-01 8.968413556545873355e-03
7.382575498732680819e-01 8.528571288724940205e-03
7.445309219837563663e-01 8.163865655872628094e-03
7.507908721544984676e-01 7.789649392914679144e-03
7.570762748651901353e-01 7.475198377055755281e-03
7.633652442780797243e-01 7.117896434935451662e-03
7.696523768503739094e-01 6.784126652100384673e-03
7.759443911184177312e-01 6.492142330887819106e-03
7.822388793759307291e-01 6.170041226401960788e-03
7.885422505712965657e-01 5.894648400982348616e-03
7.947958170677573708e-01 5.634693262780423803e-03
8.010501857211035359e-01 5.375703749606715147e-03
8.073371699120777123e-01 5.113606899782369847e-03
8.136256953004623593e-01 4.870093044361270551e-03
8.199185768310989220e-01 4.632213959482280562e-03
8.261975950269245805e-01 4.438239259402831753e-03
8.324916626456120294e-01 4.199482932266749083e-03
8.387980487119468531e-01 4.001605028435400828e-03
8.450681625339854230e-01 3.818853164224055453e-03
8.513326310877129544e-01 3.643249440369690680e-03
8.576229699198910650e-01 3.453210131992209657e-03
8.639079722665760075e-01 3.291755292742783081e-03
8.701845317394016899e-01 3.145705178509819715e-03
8.764647451447489246e-01 3.003646773360151099e-03
8.827524554796379874e-01 2.863717907647103742e-03
8.890360933084631156e-01 2.737133351835787168e-03
8.953122302139767674e-01 2.629532889417371313e-03
9.015989135410911182e-01 2.512800782604351045e-03
9.078856597069530077e-01 2.410768250126896824e-03
9.141777176955673267e-01 2.329400509459881100e-03
9.204705311210197305e-01 2.253497288155635343e-03
9.267502199878263625e-01 2.188749573664692388e-03
9.330346272813238029e-01 2.124642106448549565e-03
9.393297286529698198e-01 2.085816551108098712e-03
9.456020466528652912e-01 2.059139608540174176e-03
9.518687891863797379e-01 2.031606085301155933e-03
9.581418737840891042e-01 2.024246511756347747e-03
9.644369887048810375e-01 2.025127011380345281e-03
9.707375181351720617e-01 2.046263500271995259e-03
9.770097663529486720e-01 2.087390889485007516e-03
9.832835755838400527e-01 2.130056445150793360e-03
9.895569992810110405e-01 2.191866949985706633e-03
9.958480710782616763e-01 2.263511725069474682e-03
1.002138575493429995e+00 2.365385818584144276e-03
1.008406592376542843e+00 2.478034042882880025e-03
1.014697842972237973e+00 2.612635299383265445e-03
1.020995892874764666e+00 2.755925309909072144e-03
1.027276368069287793e+00 2.954135667672974728e-03
1.033563189136701643e+00 3.151038189329064682e-03
1.039851148620366539e+00 3.375509402953493984e-03
1.046127943161246687e+00 3.599479029246492427e-03
1.052404895272092133e+00 3.871038539314076727e-03
1.058683000430492127e+00 4.174346833597907501e-03
1.064967127327474117e+00 4.503138657742215140e-03
1.071258688161570438e+00 4.848280758258684958e-03
1.077544330604543799e+00 5.216277976194297339e-03
1.083828423436568711e+00 5.655324316015600608e-03
1.090113342297217791e+00 6.118966107798194838e-03
1.096393171946581147e+00 6.573698642890901320e-03
1.102683425690332397e+00 7.099718785156390946e-03
1.108964675464843452e+00 7.658125528482759292e-03
1.115226705913353378e+00 8.222078966675769665e-03
1.121503167812783808e+00 8.885002274330262850e-03
1.127793382225193985e+00 9.532847584510718147e-03
1.134092036465484288e+00 1.031310758892861439e-02
1.140366923395659482e+00 1.110589006632799192e-02
1.146641931784804447e+00 1.193536897940566249e-02
1.152944617322677390e+00 1.284994512597576778e-02
1.159230356871362666e+00 1.380584599907467430e-02
1.165510994903905084e+00 1.475175360932160472e-02
1.171794297100004156e+00 1.571011874851025586e-02
1.178088255559602393e+00 1.694747756322611404e-02
1.184371772446566995e+00 1.813761324454059992e-02
1.190639487122887363e+00 1.937782344950864793e-02
1.196916336380001056e+00 2.065626296968849779e-02
1.203204375371396573e+00 2.185549977031479851e-02
1.209488225901738323e+00 2.372777292034600541e-02
1.215765679709200020e+00 2.496560816204482572e-02
1.222058041744503942e+00 2.653604957557753261e-02
1.228350115998196657e+00 2.848504917471464046e-02
1.234637679107109420e+00 3.034848097623547500e-02
1.240908145406735441e+00 3.236035813220424634e-02
1.247180835746598104e+00 3.419075759221659044e-02
1.253468531500335770e+00 3.632650190659580253e-02
1.259751636995439350e+00 3.842974431120559781e-02
1.266035077425267108e+00 4.095967517092854310e-02
1.272321570618527797e+00 4.357759421701614538e-02
1.278608208280544778e+00 4.575672967347067799e-02
1.284887298154571367e+00 4.899433562028279038e-02
1.291176964274221017e+00 5.191370224229546054e-02
1.297469848393144831e+00 5.516789431015253764e-02
1.303745183221867832e+00 5.794360171501541923e-02
1.310019952103037566e+00 6.171583601009916070e-02
1.316304889985511428e+00 6.527870578606376206e-02
1.322589692250816240e+00 6.885445741118831342e-02
1.328868076233011619e+00 7.352593633463219702e-02
1.335146302472670188e+00 7.826849900209102706e-02
1.341442338921303268e+00 8.284151415763853221e-02
1.347732504022160827e+00 8.760194620305331026e-02
1.354002360904259961e+00 9.336515418594758253e-02
1.360285090555885645e+00 9.804153865443118732e-02
1.366569991348876023e+00 1.045877395262030246e-01
1.372854357884312648e+00 1.108395253636206418e-01
1.379136732473180915e+00 1.191188379348718934e-01
1.385410660878153122e+00 1.254090086469390186e-01
1.391699780091347760e+00 1.335539255362201416e-01
1.397986514487977949e+00 1.412270360069456665e-01
1.404269431125305445e+00 1.517482842275773569e-01
1.410558481592738334e+00 1.623765260980242209e-01
1.416841921169897933e+00 1.719521477142401944e-01
1.423120638450376285e+00 1.862028458831184174e-01
1.429399525711986918e+00 1.986189675405359845e-01
1.435687195920436032e+00 2.129534883188762273e-01
1.441978909597384506e+00 2.307946699421913328e-01
1.448256353182435952e+00 2.477995979555250861e-01
1.454533979889224504e+00 2.682716012321960108e-01
1.460823291195719742e+00 2.918012653362951347e-01
1.467115297699349785e+00 3.131785558146312765e-01
1.473396431849603117e+00 3.414773233970296862e-01
1.479672187129404293e+00 3.757011361647364933e-01
1.485957336950811003e+00 4.074907372751828127e-01
1.492235428844137068e+00 4.564298989134395468e-01
1.498505563158792242e+00 5.029552537142086832e-01
1.504788033368229971e+00 5.573652309003328531e-01
1.511077562324459223e+00 6.151768966020647600e-01
1.517363063341846008e+00 6.909826217235609525e-01
1.523653270341324806e+00 7.709534965120019567e-01
1.529942912799504340e+00 9.132651008061811737e-01
1.536231829420274808e+00 1.029704272662247400e+00
1.542513327069792606e+00 1.202432307138832535e+00
1.548785556440221534e+00 1.367028485547585603e+00
1.555073465503286512e+00 1.559654753216773937e+00
1.561358245907146003e+00 1.769411161247923747e+00
1.567631451431686029e+00 2.031642430459565940e+00
1.573918013544226335e+00 2.414722387700263706e+00
1.580207648268701970e+00 2.721574486908178603e+00
1.586489494063065386e+00 3.629941091788840168e+00
1.592763080732128689e+00 4.439109852951764523e+00
1.599049662621118140e+00 4.242030741366228597e+00
1.605345053337696948e+00 4.643680004488494717e+00
1.611620459129566862e+00 7.515030436647050919e+03
1.617898365736541777e+00 4.949833269714146056e+00
1.624184845436249969e+00 5.411711112327749262e+00
1.630466505740439054e+00 4.601196148771040662e+00
1.636751035144561328e+00 3.651055316964306297e+00
1.643032775792161226e+00 3.147083441013426519e+00
1.649311205731157637e+00 2.671032627559875028e+00
1.655595559618384449e+00 2.289173296091174148e+00
1.661881635856505390e+00 2.028526866372151183e+00
1.668171353955333336e+00 1.814761213797511319e+00
1.674453350850270361e+00 1.617235189569463882e+00
1.680725924646356395e+00 1.423465164098592695e+00
1.687014542692673036e+00 1.242157807235813483e+00
1.693310190593907416e+00 1.083213161102272837e+00
1.699585582287156615e+00 9.899509126634788991e-01
1.705866511081394421e+00 8.648589839422652359e-01
1.712160676675390514e+00 7.932004351704338152e-01
1.718444821026641867e+00 7.088940953585511906e-01
1.724722780324677629e+00 6.488761687685971058e-01
1.730998407906060743e+00 5.968389459124455731e-01
1.737287228726877686e+00 5.560834774772156486e-01
1.743568303176275425e+00 5.177422964262968774e-01
1.749841689593745420e+00 4.819145307512366916e-01
1.756129388522271517e+00 4.529489512803542839e-01
1.762415116633644363e+00 4.217032074351442783e-01
1.768698244482999726e+00 4.017199889591488438e-01
1.774980086402522028e+00 3.810581066438978315e-01
1.781265981096536777e+00 3.590641792282733280e-01
1.787550624457374449e+00 3.416291471880847364e-01
1.793835833491845833e+00 3.257366190846748832e-01
1.800117311233924822e+00 3.132946601176257451e-01
1.806395490080128896e+00 3.009129108876826830e-01
1.812674669631440416e+00 2.875876713044445143e-01
1.818957879507353992e+00 2.785764131689207890e-01
1.825245306758315422e+00 2.699576844716513047e-01
1.831528271693480647e+00 2.601382548902446135e-01
1.837812827050599118e+00 2.541214737682019331e-01
1.844103367940866489e+00 2.448593512417638063e-01
1.850386948924649388e+00 2.385006446131126001e-01
1.856666935595761014e+00 2.337826721331325575e-01
1.862948995952047992e+00 2.269952897739327125e-01
1.869230662203537285e+00 2.258608794246893536e-01
1.875518523852231834e+00 2.196043468130275123e-01
1.881801828956604083e+00 2.170205466148723561e-01
1.888079605905484737e+00 2.148551132504679384e-01
1.894354917179238207e+00 2.112710917676292044e-01
1.900643508338552223e+00 2.120540396012487450e-01
1.906933681097740418e+00 2.073791680146988836e-01
1.913208537729330194e+00 2.096650816677412266e-01
1.919491876081842907e+00 2.081538406150395537e-01
1.925778583551117418e+00 2.081892079278047369e-01
1.932066442879381896e+00 2.094783337388721467e-01
1.938345779800252577e+00 2.062271486513951313e-01
1.944621163117130624e+00 2.155332841334686722e-01
1.950906419736068598e+00 2.106696543616843886e-01
1.957194922928259695e+00 2.167721412129318681e-01
1.963480698366232735e+00 2.190354933112413360e-01
1.969761129083444473e+00 2.188860862023427611e-01
1.976050304691988391e+00 2.302013710583326600e-01
1.982339908457910083e+00 2.259554114012153891e-01
1.988618349245825812e+00 2.399030330582717918e-01
1.994897766502643721e+00 2.406337327023421457e-01
2.001180771161680028e+00 2.448117560785310898e-01
2.007460336186321026e+00 2.611256085276515426e-01
2.013738753216055777e+00 2.541334313580955739e-01
2.020018986124832772e+00 2.821720060281106557e-01
2.026310836118350167e+00 2.762448987188101390e-01
2.032601207862052561e+00 2.936513913639114404e-01
2.038875504895327317e+00 3.077498145178524935e-01
2.045155551699306962e+00 3.020038851341216857e-01
2.051445731990026999e+00 3.494742303439858366e-01
2.057731375213294633e+00 3.321022503938105830e-01
2.064016423384301913e+00 3.770560623365860065e-01
2.070302827783211619e+00 3.776143723547588649e-01
2.076590615358942848e+00 3.920275386229049586e-01
2.082865814675600280e+00 4.449805486948731348e-01
2.089135078390696343e+00 4.184257823258737963e-01
2.095424699602885799e+00 5.107316361738029054e-01
2.101708259047597949e+00 4.885322618264713590e-01
2.107987807301212158e+00 5.500337166257467381e-01
2.114274337075186416e+00 5.969755188238353716e-01
2.120555211422834319e+00 5.479383187276631872e-01
2.126838540980260372e+00 7.613664434652881452e-01
2.133123767198004117e+00 6.622950525449655679e-01
2.139413031894335848e+00 8.496377097208475115e-01
2.145698041890389263e+00 8.296393316514725225e-01
2.151974340624452253e+00 8.839555618108164703e-01
2.158260630891077003e+00 1.128061460414073514e+00
2.164546658731809625e+00 9.610395230003575540e-01
2.170832823837292480e+00 1.475074536795190294e+00
2.177115967197242430e+00 1.246834417742214152e+00
2.183389032615354441e+00 1.708653147192652044e+00
2.189670975244353279e+00 1.800147043229989752e+00
2.195960831894089527e+00 1.574743276299533479e+00
2.202245817416866203e+00 3.073334348513517167e+00
2.208524601220368755e+00 2.114706961336510815e+00
2.214805589383115780e+00 3.962162911527442599e+00
2.221093631642824917e+00 2.913962240397967474e+00
2.227374275520719316e+00 4.188838211676284118e+00
2.233658333286540287e+00 4.899848901996051609e+00
2.239946072329966231e+00 3.821319366437325726e+00
2.246226850917138140e+00 9.177431604319753689e+00
2.252506781988718565e+00 5.897890601854664183e+00
2.258783643789477491e+00 1.300164001538901815e+01
2.265069381259946724e+00 7.498643492798291454e+00
2.271351266578538919e+00 5.235107142639169098e+00
2.277635010148555850e+00 7.758582152168158245e+03
2.283922963308533394e+00 7.898779207979246486e+00
2.290204538958168001e+00 1.452869905221507274e+01
2.296492854789115245e+00 6.161978173436228445e+00
2.302773836462560286e+00 6.537729398165766703e+00
2.309052848528886148e+00 7.120407491446912651e+00
2.315340397783157922e+00 3.832692420492004981e+00
2.321629550362612981e+00 5.881163763131028510e+00
2.327914834812394584e+00 3.220069243120677438e+00
2.334189028016975698e+00 3.749707096243437121e+00
2.340468735514670495e+00 3.211493223609430459e+00
2.346757573269963704e+00 2.158896406539120516e+00
2.353046701279460251e+00 2.999932268522716772e+00
2.359329919851476554e+00 1.808172077628665608e+00
2.365603805485394950e+00 2.034961360732598035e+00
2.371887442159951398e+00 1.695678775226165724e+00
2.378175480496420580e+00 1.292505789516440462e+00
2.384455602231496218e+00 1.669164665286404503e+00
2.390737631861327372e+00 1.155971596211067487e+00
2.397015688929587718e+00 1.263901341854993809e+00
2.403297559533717376e+00 1.076624430010258759e+00
2.409586419743307228e+00 9.499519216212942707e-01
2.415875314660682172e+00 1.033240856652137163e+00
2.422164535679191655e+00 8.178191845062826593e-01
2.428442137972055104e+00 8.973030256566968399e-01
2.434719213815070837e+00 7.639537154859021850e-01
2.441002915255427563e+00 7.390459869513754665e-01
2.447292244015294216e+00 7.297409240406386166e-01
2.453574548397714494e+00 6.314029395167495284e-01
2.459853950840888093e+00 6.847993095189960355e-01
2.466141393364139400e+00 5.986031557472303311e-01
2.472424340910468477e+00 5.959100881817162021e-01
2.478699559716526224e+00 5.735362307188893727e-01
2.484981956405843295e+00 5.233899900305283293e-01
2.491271774374293368e+00 5.553342398671203828e-01
2.497550925125272325e+00 5.022184616378340127e-01
2.503833126215876170e+00 5.061911935458039968e-01
2.510118697329297710e+00 4.860653826095107655e-01
2.516402124721602629e+00 4.719425396831699593e-01
2.522689938852853420e+00 4.772803299251057174e-01
2.528973288009538134e+00 4.428575374712942492e-01
2.535253600549877362e+00 4.676603524663563438e-01
2.541538941914911476e+00 4.470728185261691467e-01
2.547825021627405206e+00 4.412688909904395884e-01
2.554103008122937002e+00 4.423027697938620717e-01
2.560378237915397648e+00 4.407787833244644071e-01
2.566669017775174755e+00 4.558977698729092531e-01
2.572956571054420216e+00 4.367548307238695582e-01
2.579236104287966125e+00 4.496314221513345033e-01
2.585522655546601989e+00 4.684627059385804149e-01
2.591808172184224546e+00 4.625587170213861232e-01
2.598087543498381002e+00 4.686511479413622006e-01
2.604361437550918978e+00 4.889186026650031436e-01
2.610647591905687293e+00 5.175317471774412148e-01
2.616933270352379548e+00 5.165575947500301579e-01
2.623207934884185466e+00 5.043931932534156948e-01
2.629492944384940412e+00 5.899895618800949926e-01
2.635779602277390499e+00 6.022847907120345567e-01
2.642061794567720945e+00 6.118168590922787864e-01
2.648344685049869529e+00 6.163001876281879454e-01
2.654633852395646088e+00 7.357986662524391708e-01
2.660920832685793602e+00 7.733413130418421710e-01
2.667200003651473139e+00 7.677950928264668518e-01
2.673485665061926309e+00 8.356483897191786525e-01
2.679774189917022653e+00 1.027626399612674213e+00
2.686059197445316293e+00 1.097540977187132283e+00
2.692340742040600254e+00 1.024679120145052025e+00
2.698619785325931719e+00 1.277714810040570859e+00
2.704896067289608741e+00 1.615705805878018486e+00
2.711176296267862273e+00 1.780364181263180079e+00
2.717460477624493720e+00 1.392105838394783746e+00
2.723746785600710485e+00 2.395600543590932663e+00
2.730040839622854598e+00 2.719102652201084158e+00
2.736320462271965681e+00 2.963859600677548389e+00
2.742593167856604897e+00 2.151939031207151576e+00
2.748880654965284887e+00 4.120819001009349947e+00
2.755164406907204988e+00 4.918379138802467132e+00
2.761447966179410241e+00 6.002139241589489416e+00
2.767734949986044413e+00 4.074561745259844159e+00
2.774018204230510154e+00 8.000899123415917913e+00
2.780299459131881701e+00 6.336216899701979877e+00
2.786578380850841974e+00 3.583362721494333982e+03
2.792858749059577761e+00 4.464313835158608690e+00
2.799144688897090116e+00 8.725527287165871115e+00
2.805431744286055018e+00 7.208839708379107591e+00
2.811716466586489993e+00 3.204763397302883732e+00
2.817990514261363710e+00 5.285767769720354003e+00
2.824271178017407902e+00 4.231147856256966655e+00
2.830565310473360352e+00 3.395845614288133252e+00
2.836850361681537702e+00 2.171738103418656696e+00
2.843131259198828698e+00 2.982080163383601601e+00
2.849415373186487965e+00 2.502828815457226685e+00
2.855698064670956882e+00 1.832159028484565244e+00
2.861978975302818640e+00 1.674476786263859651e+00
2.868263635614905827e+00 1.750707221136179603e+00
2.874548572895146759e+00 1.470589671709090496e+00
2.880833509046437424e+00 1.044037275333833614e+00
2.887115914775806313e+00 1.267727189824343847e+00
2.893396211301912935e+00 1.115743057951050110e+00
2.899675259048415388e+00 9.552788770183363587e-01
2.905955807169823046e+00 8.268944460945345520e-01
2.912242784565592046e+00 9.063248087706579081e-01
2.918528489082492516e+00 8.201720158012928419e-01
2.924812236943901578e+00 7.131634167938080138e-01
2.931097264553834236e+00 6.915038808342276466e-01
2.937379046647154990e+00 7.013697268581582378e-01
2.943662417245681340e+00 6.467074908744183670e-01
2.949948997849719756e+00 5.867838287937181541e-01
2.956228453902073561e+00 6.004157309359419159e-01
2.962510840116227673e+00 5.790888270436274077e-01
2.968797192440125965e+00 5.461455314453318444e-01
2.975078489423049533e+00 5.160155004548201418e-01
2.981360447198230457e+00 5.399486949693647064e-01
2.987647323528414223e+00 5.218744482965508302e-01
2.993932064934300641e+00 4.975224882643258240e-01
3.000209551562139421e+00 4.925632277317324448e-01
3.006487470944601892e+00 5.018316622456526765e-01
3.012770586989486521e+00 4.926774120102588306e-01
3.019055028984091837e+00 4.842002702767923550e-01
3.025339593109035885e+00 4.908801789248326553e-01
3.031624651041083141e+00 5.004447135288715431e-01
3.037909525040372927e+00 4.980537521212487495e-01
3.044196264475506730e+00 5.006277290910163824e-01
3.050477886447245712e+00 5.212072332453330237e-01
3.056756711732924625e+00 5.304243893901811058e-01
3.063041213115731409e+00 5.413434786767838958e-01
3.069324013399330031e+00 5.588138532169492079e-01
3.075611272807551533e+00 5.777211001042786842e-01
3.081895489281643030e+00 5.982634114501363953e-01
3.088176199887292306e+00 6.284970321829956852e-01
3.094459112917897325e+00 6.515754433593339279e-01
3.100744234350492956e+00 7.056189665944494482e-01
3.107029324214496846e+00 7.418007874503361743e-01
3.113310425776543600e+00 7.934334273749059641e-01
3.119592029507459507e+00 8.307471559725546628e-01
3.125875559417674587e+00 9.016546827043679935e-01
3.132160147770352676e+00 9.554969358735148077e-01
3.138440210879888337e+00 1.101744189756308945e+00
3.144724491651683440e+00 1.179908218206658477e+00
3.151004924765398840e+00 1.345857626040006805e+00
3.157285342196649136e+00 1.445798303976496113e+00
3.163570603826113992e+00 1.597470735431733679e+00
3.169852350185627277e+00 1.802245093933435571e+00
3.176138770387999966e+00 2.056392683990808212e+00
3.182422419512343836e+00 2.239843410962600423e+00
3.188703671424619746e+00 2.618000471386122019e+00
3.194991280550246948e+00 2.969059707629841505e+00
3.201276738120839127e+00 3.675002098768988201e+00
3.207553033218304872e+00 4.558710530761340252e+00
3.213836161597863672e+00 3.002020994538213472e+00
3.220123259784395398e+00 2.130470719225927041e+03
3.226407551420531483e+00 4.023994061583621829e+00
3.232689305629245613e+00 4.536632917928758779e+00
3.238971071582136041e+00 3.673343615691189612e+00
3.245255685894246067e+00 3.150116858346192927e+00
3.251535715250951863e+00 2.790047479836373245e+00
3.257819502328903827e+00 2.435908948571949839e+00
3.264103492610594071e+00 2.219642044355770505e+00
3.270384810144397303e+00 1.965512096541845999e+00
3.276670428022039783e+00 1.854042331257870435e+00
3.282955566270326919e+00 1.718964084289355210e+00
3.289237716703969916e+00 1.575995285961388603e+00
3.295520653962330293e+00 1.455002947402034286e+00
3.301807644101458550e+00 1.348761667205868875e+00
3.308089302529158449e+00 1.293970125957969453e+00
3.314368987794545252e+00 1.202356787260349780e+00
3.320652691368451315e+00 1.167453871035611712e+00
3.326932422871479833e+00 1.114851782993630414e+00
3.333218115701501727e+00 1.086855330902600114e+00
3.339505861603602188e+00 1.060515856808470492e+00
3.345788344868127595e+00 1.049463770214738911e+00
3.352073190624765164e+00 1.037057923156348815e+00
3.358352694183646125e+00 1.056518056550268314e+00
3.364631227903127186e+00 1.053545026480612989e+00
3.370918965384773536e+00 1.042970897537518038e+00
3.377201513381668629e+00 1.060638435834963644e+00
3.383485934595764633e+00 1.114229950610993836e+00
3.389772491671652066e+00 1.120540166129222026e+00
3.396053991719500509e+00 1.128602606876996761e+00
3.402334005192525712e+00 1.149039080105340060e+00
3.408611853508482170e+00 1.240487788626192689e+00
3.414897839864825535e+00 1.280877818842748983e+00
3.421181285155862728e+00 1.311080386803491260e+00
3.427465364374100876e+00 1.337158660104643015e+00
3.433754096688785840e+00 1.472770686209194047e+00
3.440035356242748144e+00 1.570183162851681358e+00
3.446315808169163386e+00 1.600282268411598707e+00
3.452602963757077426e+00 1.645970702718920320e+00
3.458885619127623823e+00 1.829192781042239258e+00
3.465165758924614980e+00 2.048569118662621591e+00
3.471451503231973046e+00 2.107936118897073108e+00
3.477736678957558336e+00 2.171122859327494936e+00
3.484022358005950615e+00 2.323062513167109877e+00
3.490300354914448899e+00 2.990153508647293901e+00
3.496585015994501777e+00 2.907627995822804401e+00
3.502870831105572069e+00 3.058326156194712819e+00
3.509147722814735637e+00 3.277060335733275043e+00
3.515429662141086098e+00 4.713018225383325266e+00
3.521712008697834850e+00 4.556710987207491570e+00
3.527993736944767811e+00 4.721931434733353861e+00
3.534279159635547618e+00 5.199024928330170603e+00
3.540566564128809546e+00 7.720055755632516004e+00
3.546847878650843722e+00 7.294708148349770660e+00
3.553133555247947939e+00 7.662257425113465636e+00
3.559420214763478363e+00 8.457009905071227962e+00
3.565699480408631494e+00 1.371475254438998626e+01
3.571981368517234134e+00 1.341439693794080235e+01
3.578268698423837879e+00 1.397645409607461886e+01
3.584550774530670392e+00 1.480281137770727362e+01
3.590828935987784298e+00 1.845505009602815605e+01
3.597110718088889492e+00 7.061159377592937744e+03
3.603396512424406506e+00 1.656037570998036657e+01
3.609676747082802173e+00 1.739496399992849618e+01
3.615957977992316330e+00 1.502743675381012878e+01
3.622243580426721010e+00 1.711231759193797686e+01
3.628522628462809596e+00 1.041914096584063820e+01
3.634808120005133425e+00 8.946513616754403486e+00
3.641096965386622752e+00 8.042827495602638876e+00
3.647384913781243299e+00 9.288190458124589099e+00
3.653666753133836043e+00 6.802082857082256240e+00
3.659947726352769770e+00 5.894965330258868264e+00
3.666234893709818365e+00 5.323822117350216487e+00
3.672516996003137191e+00 5.478939065171964273e+00
3.678797940623468765e+00 4.766398951721757093e+00
3.685082198750683435e+00 4.021462560742550707e+00
3.691363013935667237e+00 3.659183593452695504e+00
3.697646206996081375e+00 3.507925176302613579e+00
3.703928900991629636e+00 3.543490185385882896e+00
3.710211472841704605e+00 3.074756146406130597e+00
3.716497167052446926e+00 2.829646202876557659e+00
3.722777172938726675e+00 2.712326914865958116e+00
3.729061287240359235e+00 2.805058706325730178e+00
3.735344545777875336e+00 2.649109799974850965e+00
3.741626449543836941e+00 2.463270813437478779e+00
3.747909505093512728e+00 2.449277723884555780e+00
3.754193016198873689e+00 2.458656917611757642e+00
3.760479637558913790e+00 2.440286664892082680e+00
3.766759446133269851e+00 2.356549946932146256e+00
3.773037643559592702e+00 2.334279772978183676e+00
3.779325182447645037e+00 2.435632032551371839e+00
3.785611241998332765e+00 2.399009760611306774e+00
3.791893886399857028e+00 2.544137883162796321e+00
3.798178379008452232e+00 2.420881596232062893e+00
3.804460597007844669e+00 2.745411793413580437e+00
3.810741293786842121e+00 2.630619190449578593e+00
3.817024656157668172e+00 2.965443481356555999e+00
3.823308984901775620e+00 2.894394503060901069e+00
3.829591178579501598e+00 3.263681641072754491e+00
3.835873668636422096e+00 3.378195960093765660e+00
3.842161045612500381e+00 3.612289688551026057e+00
3.848445733590433626e+00 4.105761621893695867e+00
3.854726100441019820e+00 3.891775945991766683e+00
3.861008152561713036e+00 5.521596188900400826e+00
3.867288667520160317e+00 4.791230168154296365e+00
3.873571407143857837e+00 6.826705317131500195e+00
3.879855154507281689e+00 6.022359096850166793e+00
3.886140680133453706e+00 8.652583388813667398e+00
3.892423554426630350e+00 7.482172128340585537e+00
3.898707135643554089e+00 1.092107664327796002e+01
3.904992757440263862e+00 1.001972744083312605e+01
3.911274451483945036e+00 1.395675045852473595e+01
3.917556732333046021e+00 1.551795897417020953e+01
3.923841166575323225e+00 1.484783793816099973e+01
3.930124816016721478e+00 2.312524449030352969e+01
3.936403665333011226e+00 1.040054442458293948e+01
3.942687802723190860e+00 6.075267064870860850e+03
3.948975148759096498e+00 1.763197405217534097e+01
3.955262046498601247e+00 2.361056039427012010e+01
3.961543413939611291e+00 1.373292294460995677e+01
3.967823997647459411e+00 1.500904154806611324e+01
3.974109649109424769e+00 1.065713623865845427e+01
3.980390315513306465e+00 8.535782813239913835e+00
3.986670633178865497e+00 1.062161348239729186e+01
3.992954341574337374e+00 6.786482523524700383e+00
3.999239437674898312e+00 8.126439817325755044e+00
4.005522652480014045e+00 5.591417877581794649e+00
4.011802048177673718e+00 6.173172497701156836e+00
4.018085141715408426e+00 4.614785636796641555e+00
4.024369535233901729e+00 4.441936692519001362e+00
4.030649783293330124e+00 3.981756907534581558e+00
4.036932679129111357e+00 3.286593475922754415e+00
4.043220418290019325e+00 3.544791286574680900e+00
4.049507661662086200e+00 2.703861678673034064e+00
4.055788045907045891e+00 2.963050823240685361e+00
4.062067059164522043e+00 2.392204270023335244e+00
4.068352854787344874e+00 2.439959686251564008e+00
4.074635659509510788e+00 2.119883140684136968e+00
4.080917054045270831e+00 2.043845489504518387e+00
4.087205686088069889e+00 1.917035618902426464e+00
4.093490301644573393e+00 1.738778735804752840e+00
4.099770438207295697e+00 1.759527908513539352e+00
4.106052527015961573e+00 1.521072762296460157e+00
4.112336138144955910e+00 1.578514355161737104e+00
4.118621532583603972e+00 1.384423574014717051e+00
4.124903585067976941e+00 1.391189146099645280e+00
4.131182712642240240e+00 1.273718958860401873e+00
4.137468630000815217e+00 1.240214209734805229e+00
4.143753536347550614e+00 1.187206225037248597e+00
4.150036722937140432e+00 1.112843524229974790e+00
4.156319556835904372e+00 1.102602036249638928e+00
4.162601167118149981e+00 1.015877194795624883e+00
4.168887134570721464e+00 1.025776323247269195e+00
4.175169561765874171e+00 9.562797065555999065e-01
4.181452242899395877e+00 9.513803125234547853e-01
4.187739255360579449e+00 9.007942064130954885e-01
4.194021594670000574e+00 8.853795297904024642e-01
4.200300760695198754e+00 8.534623404457770679e-01
4.206583573312412838e+00 8.336836763121890925e-01
4.212864548425995892e+00 8.103814471608622449e-01
4.219147128485455589e+00 7.954595952524461389e-01
4.225433661438403377e+00 7.849668695944318486e-01
4.231718368477329406e+00 7.562776730417073434e-01
4.237998895475036498e+00 7.594329104210884029e-01
4.244279597466258380e+00 7.220681550603933463e-01
4.250566280105218198e+00 7.487036206568947749e-01
4.256851587952112936e+00 7.115593668324103893e-01
4.263132860899111698e+00 7.235952253311659366e-01
4.269414568915884445e+00 7.152940586563079073e-01
4.275698115740782512e+00 6.988297498907554139e-01
4.281980156021848671e+00 7.287393154339512069e-01
4.288263338818810944e+00 6.870661399773015932e-01
4.294548516739729926e+00 7.372913075270223215e-01
4.300830910891001224e+00 7.051099638179398887e-01
4.307114686814344395e+00 7.278032689898812357e-01
4.313397714262970695e+00 7.404680130015812711e-01
4.319680042548951882e+00 7.083934747907548735e-01
4.325962677260454470e+00 7.950805770448199361e-01
4.332247955255882133e+00 7.470191375815067314e-01
4.338534851577296791e+00 8.086191897486605384e-01
4.344817821624197940e+00 7.991269045973251606e-01
4.351099303949236052e+00 7.945124158521721380e-01
4.357383544198474290e+00 8.987325735264706239e-01
4.363669160634735533e+00 8.281391673512930041e-01
4.369952160826413134e+00 9.661142073789981133e-01
4.376231841677308942e+00 9.165758265275759653e-01
4.382510196913425915e+00 9.934875675463372691e-01
4.388795959382868261e+00 1.064838882461397462e+00
4.395079843903230810e+00 9.644005883411949087e-01
4.401360933733665881e+00 1.278766373793238875e+00
4.407643714302012405e+00 1.101671075866262228e+00
4.413926461136920665e+00 1.367362661967477688e+00
4.420212544897195173e+00 1.313493530261637954e+00
4.426495749838379012e+00 1.283739477786751015e+00
4.432779159072235409e+00 1.785999063149293464e+00
4.439059915458222427e+00 1.415525857576025670e+00
4.445341878237662137e+00 2.102104054699326596e+00
4.451628428868033005e+00 1.729481874140126996e+00
4.457914551035861095e+00 2.274164988909904039e+00
4.464200235517868265e+00 2.394842477696438099e+00
4.470482182628605194e+00 2.082022833121425887e+00
4.476764673345638990e+00 3.716249220804984876e+00
4.483049464187839561e+00 2.575655499192053721e+00
4.489333155731497271e+00 4.558102908802064590e+00
4.495613345822325080e+00 3.384169791710077480e+00
4.501892119142445026e+00 3.358967435245889366e+00
4.508175121787952655e+00 6.717784410518985005e+00
4.514460900366407792e+00 4.293551626855975023e+00
4.520742053546796591e+00 9.415565415546959471e+00
4.527023810359859013e+00 6.244579150834783654e+00
4.533308960469576654e+00 1.190918796398204904e+01
4.539592363903683037e+00 7.695695436840416015e+00
4.545874919538348990e+00 5.809565912463731330e+00
4.552157687156885402e+00 2.503847311268979865e+03
4.558443781612104395e+00 7.990624999056339384e+00
4.564727638565654111e+00 1.405587745207706973e+01
4.571009437592583602e+00 6.407090318004385665e+00
4.577294624203679163e+00 5.485178615302785943e+00
4.583578089646453968e+00 8.762521748256327569e+00
4.589862179487309568e+00 4.524139481370771598e+00
4.596143999485379439e+00 6.662462645395271998e+00
4.602425263016355572e+00 4.054034029540812156e+00
4.608712017363744806e+00 4.386888613469130505e+00
4.614996038799121791e+00 4.585135519522978598e+00
4.621277296175202665e+00 3.272887575221718137e+00
4.627559936726636458e+00 4.314338699789076692e+00
4.633841741478233800e+00 3.080870394224370923e+00
4.640122475394416135e+00 3.511601999838185328e+00
4.646404355152583321e+00 3.249848903232336550e+00
4.652690604636823046e+00 2.887572975496714989e+00
4.658976230417983366e+00 3.495892141552348953e+00
4.665257901055365863e+00 2.985147704042503847e+00
4.671540647875587204e+00 3.300298998579267451e+00
4.677823961431464284e+00 3.219076979628994195e+00
4.684108235097336426e+00 3.117457878171769003e+00
4.690391798870516382e+00 3.619450408305083133e+00
4.696675467203847987e+00 3.426800649601573490e+00
4.702958737792436672e+00 3.811503030216911281e+00
4.709239588303709922e+00 3.886280036455227904e+00
4.715521529300301218e+00 4.102275868110998758e+00
4.721804241650856326e+00 4.515412785348236646e+00
4.728088995851720711e+00 4.688393353022297205e+00
4.734372372593826483e+00 5.227178346716300439e+00
4.740653441478511532e+00 5.593020528269181391e+00
4.746937690136521226e+00 6.276112768701837652e+00
4.753220866740556438e+00 6.935061055408398012e+00
4.759499584445610942e+00 7.646172598068852189e+00
4.765784674643524177e+00 8.597094447977982057e+00
4.772072066667437440e+00 9.362306323925812634e+00
4.778354574712954772e+00 1.060913306748559215e+01
4.784639688699459548e+00 1.199236768860257207e+01
4.790924571112255670e+00 1.334445501120743671e+01
4.797207630427470448e+00 1.595085658885017210e+01
4.803491281906666188e+00 1.867599524379890141e+01
4.809774797188141271e+00 2.146721069614581978e+01
4.816055012942697999e+00 2.263330533872392181e+01
4.822335756210613056e+00 1.223939285927448736e+03
4.828618372965728156e+00 4.600844552467504400e+03
4.834902420031529147e+00 2.468927860244739492e+01
4.841185408631580422e+00 2.409813693053578731e+01
4.847466912745727718e+00 2.027967933525026467e+01
4.853753607692918415e+00 1.673633302743786189e+01
4.860040654770696023e+00 1.479645661932427636e+01
4.866322071713594433e+00 1.319274264374210048e+01
4.872604241020684235e+00 1.168849364923717538e+01
4.878889019589767173e+00 1.052246523226859587e+01
4.885169833709484877e+00 9.662947803618115117e+00
4.891451276335970988e+00 8.728103053907265263e+00
4.897735676523086390e+00 7.991941221028862508e+00
4.904020888466774863e+00 7.196805681017806933e+00
4.910302466098539043e+00 6.621011412118239292e+00
4.916582728670469749e+00 6.212816844618460621e+00
4.922870405746558653e+00 5.877420896146677620e+00
4.929152603204811633e+00 5.500292436531425189e+00
4.935433400905724355e+00 5.224223550488054535e+00
4.941720002621369012e+00 5.012795424296763613e+00
4.948000629162284447e+00 4.857552446493035525e+00
4.954284600437537378e+00 4.769110916848298132e+00
4.960568964118362345e+00 4.840072239617215999e+00
4.966849452054189484e+00 4.764314921134232605e+00
4.973133312553746244e+00 4.715684727677297516e+00
4.979416667731975110e+00 4.712175568795821334e+00
4.985701847394269137e+00 4.753366903428969614e+00
4.991986126907685062e+00 4.873422086388806918e+00
4.998266089552569014e+00 5.352746601076293409e+00
5.004548850075229538e+00 5.437853691335785555e+00
5.010834613416704109e+00 5.623038326812022092e+00
5.017114133618883365e+00 5.783510927922553613e+00
5.023396754503464123e+00 6.092434442226299929e+00
5.029682555385535103e+00 6.447253497396923549e+00
5.035962952494468681e+00 8.056172436639689849e+00
5.042248916723991670e+00 8.006611090244641460e+00
5.048534518437475249e+00 8.474331217619230472e+00
5.054817055058077102e+00 8.831908490016916247e+00
5.061103124450734292e+00 1.011128872612459340e+01
5.067385418511126005e+00 1.143151551291307477e+01
5.073665350133166108e+00 1.390092333627064214e+01
5.079944158568527435e+00 1.273606788436225123e+01
5.086229157971559722e+00 4.489520145439989392e+03
5.092516081670024342e+00 1.248852881385861302e+01
5.098799062815714933e+00 1.367501780077760998e+01
5.105081564999609967e+00 1.207376499432965034e+01
5.111362075909486435e+00 1.186461466835547718e+01
5.117646708276604173e+00 9.644407518106493882e+00
5.123931579419740423e+00 8.416426401580903160e+00
5.130214175713612157e+00 7.695716202600553224e+00
5.136495802354272833e+00 7.095267578187812951e+00
5.142780182582010973e+00 6.622671634100530724e+00
5.149064547742418618e+00 6.626872136775549649e+00
5.155344632471284605e+00 6.281523982654471538e+00
5.161628512901673460e+00 5.624741178523415819e+00
5.167914708882204167e+00 5.250134871892885968e+00
5.174198770587969065e+00 4.955396504829412407e+00
5.180481984271699147e+00 4.860781628514139641e+00
5.186765863297754464e+00 4.751774086257728236e+00
5.193047702705746893e+00 4.707453521260710261e+00
5.199327701301567295e+00 4.558182156905932203e+00
5.205610051315074038e+00 4.484786472950768044e+00
5.211893783792568513e+00 4.396552916904113317e+00
5.218178654991308285e+00 4.478018319969208960e+00
5.224460565579556182e+00 4.639813687877432535e+00
5.230741351715697540e+00 4.649916120964936006e+00
5.237027120177700112e+00 4.784875500355144418e+00
5.243314739467697549e+00 5.183859220667565104e+00
5.249595278023606149e+00 5.075197636467624562e+00
5.255875849079584938e+00 5.368156353088709309e+00
5.262158673469957471e+00 6.370265022687646272e+00
5.268439395112831214e+00 6.117839238234579646e+00
5.274722108206590931e+00 6.315027589046411371e+00
5.281007345641278938e+00 8.203207359360284556e+00
5.287293380248259567e+00 7.694643296453690162e+00
5.293576735145029133e+00 8.317005492416212675e+00
5.299860851423467523e+00 1.073140394746457815e+01
5.306144493245258609e+00 1.067413874279363561e+01
5.312427159026070100e+00 1.191960799888396494e+01
5.318710177455853838e+00 1.605537816022472697e+01
5.324993165098304893e+00 1.472462414696151178e+01
5.331278074387978627e+00 1.203521459640512781e+01
5.337561778582737837e+00 4.232502397723883405e+03
5.343844392417137712e+00 1.616184379632140633e+01
5.350127046241198059e+00 1.426537235876633680e+01
5.356410632573585850e+00 1.425491053146178722e+01
5.362696075374680404e+00 1.088575013294518001e+01
5.368977622023428431e+00 9.408831765534820590e+00
5.375259264787404234e+00 8.994114476943803282e+00
5.381542175673222239e+00 8.587099598610555162e+00
5.387824976115930475e+00 6.925312713479133464e+00
5.394108529100064331e+00 6.463226085582809866e+00
5.400390002504265929e+00 6.953522212645727230e+00
5.406673750202084960e+00 5.587457789065785718e+00
5.412955699794467890e+00 5.096754009610835467e+00
5.419237955148318520e+00 5.373596418087401183e+00
5.425523090525197212e+00 4.675791485281177273e+00
5.431805715860540396e+00 4.331403447888725999e+00
5.438090831113179924e+00 4.287839034048089637e+00
5.444374481405862554e+00 4.173426946181100661e+00
5.450656385985535479e+00 3.960874173501100604e+00
5.456941012042004324e+00 3.945294307969830161e+00
5.463223574256159232e+00 3.695172720106175923e+00
5.469506233746614043e+00 3.882621507746513156e+00
5.475791313392783799e+00 3.921913014483622728e+00
5.482076520806099751e+00 3.813682028464618678e+00
5.488361758921633360e+00 3.712545050699500582e+00
5.494642978338553085e+00 4.256846925874904208e+00
5.500922328851260090e+00 4.540767053891822336e+00
5.507204020884158169e+00 3.762557569711083350e+00
5.513487086383534574e+00 4.786776504371988317e+00
5.519772673170036725e+00 5.444155421044546195e+00
5.526055063335959083e+00 5.602689327556984900e+00
5.532333106276354329e+00 4.490179552686093700e+00
5.538615491667449930e+00 6.799733819326492679e+00
5.544903720115636148e+00 7.971110721672309829e+00
5.551187288815954801e+00 9.161109106113647371e+00
5.557470531467981090e+00 6.305380076517601573e+00
5.563755611658447897e+00 1.015548178585837746e+01
5.570037554875349350e+00 1.306953051992117480e+03
5.576319117887759802e+00 9.691307660692224601e+00
5.582602002155147680e+00 7.101877986975963175e+00
5.588888631490213754e+00 1.018441308228149467e+01
5.595175275496153233e+00 8.624905661588931238e+00
5.601458712915984961e+00 5.078339780965404948e+00
5.607739290868620330e+00 7.127343017736652797e+00
5.614020862542647983e+00 6.344599428074726433e+00
5.620301751604071860e+00 5.686178489875618247e+00
5.626585003660349749e+00 4.238438602214618101e+00
5.632870193703824135e+00 5.330972898904077439e+00
5.639149634200363970e+00 4.966089340931671536e+00
5.645432108629827361e+00 4.518514739039172667e+00
5.651717488754057328e+00 3.994743955667023894e+00
5.658002094958268557e+00 4.628571024869787109e+00
5.664286976960462461e+00 4.402624596500485765e+00
5.670566925585673879e+00 4.078763767218748448e+00
5.676852042208761162e+00 4.474202213128594785e+00
5.683137388589912575e+00 4.411396879692048856e+00
5.689418158699685257e+00 4.698751118018085648e+00
5.695702068056029077e+00 4.671035547584509118e+00
5.701985967982890813e+00 4.960122928750825722e+00
5.708271056387263620e+00 5.450020024445627165e+00
5.714552979709825564e+00 5.462210315679594252e+00
5.720831601415190093e+00 6.051749615118288794e+00
5.727115355927898221e+00 6.749399478236600913e+00
5.733398957275753105e+00 6.514870117089057722e+00
5.739684091351107575e+00 7.995782944271981663e+00
5.745967659604392708e+00 8.226688934794827546e+00
5.752250391047120992e+00 8.876422175575189755e+00
5.758534671789668380e+00 1.067865298784659167e+01
5.764815058099513223e+00 9.952316664325522311e+00
5.771097431484660589e+00 1.400792667289765170e+01
5.777380386878713026e+00 1.597589690604051249e+01
5.783664936364128373e+00 1.415856509010425412e+01
5.789947151929451863e+00 1.863957645627857929e+01
5.796231493774793186e+00 1.339422360402767609e+01
5.802516691340624533e+00 3.926353638999005852e+03
5.808797995112186641e+00 2.062412599232383670e+01
5.815082184083208539e+00 1.671438038706763862e+01
5.821365271507954020e+00 1.639065381543094801e+01
5.827645525290467532e+00 1.183982323157551875e+01
5.833928171908906890e+00 1.325472499910026514e+01
5.840215967589452717e+00 1.170518253944156584e+01
5.846501812893647454e+00 9.872531294869460794e+00
5.852781909673957728e+00 1.037904375510974297e+01
5.859063783293738226e+00 8.548674664326220807e+00
5.865349571500913406e+00 9.513824458650590898e+00
5.871632939480924129e+00 8.766512775899753862e+00
5.877914823986006176e+00 8.045494287124599353e+00
5.884196626054889023e+00 8.310857332165586087e+00
5.890479074317132913e+00 8.028695392094546079e+00
5.896763574100915228e+00 8.445613835908119427e+00
5.903046036848450306e+00 8.260871650108335018e+00
5.909328377713869429e+00 8.230851725226608906e+00
5.915613028288355224e+00 9.127422668130060757e+00
5.921894409622731281e+00 9.301021227241312417e+00
5.928177134794152536e+00 9.729145697676807814e+00
5.934464774883918992e+00 1.011346815318369963e+01
5.940751250578068188e+00 1.167731194586541932e+01
5.947033452245725549e+00 1.259002078624981280e+01
5.953312775740306151e+00 1.297531388061143787e+01
5.959594106507988265e+00 1.407055529647874970e+01
5.965876424548630652e+00 1.684796438254169715e+01
5.972161112468720390e+00 1.864089111663744092e+01
5.978446099492319199e+00 1.945264066710479867e+01
5.984727467931779010e+00 2.097424821503901526e+01
5.991012985181142447e+00 2.832846345141059174e+01
5.997297612744741713e+00 3.242299591687594784e+01
6.003577416164464609e+00 3.334218851322356869e+01
6.009860806138807909e+00 3.328557543999036739e+01
6.016144510375737831e+00 7.547492611469368057e+03
6.022426254013592661e+00 3.737894408593167128e+01
6.028706803290871719e+00 3.414648348221046348e+01
6.034987951204773715e+00 3.861872601187565124e+01
6.041274067685003857e+00 3.112093088566168220e+01
6.047558134944117647e+00 2.555837554283799662e+01
6.053840825089524813e+00 1.908721249296883471e+01
6.060125328398456190e+00 2.068528137890949736e+01
6.066409969294784155e+00 1.773328662802274280e+01
6.072694327029352301e+00 1.561880004736901739e+01
6.078974651295977694e+00 1.268999141408855280e+01
6.085257277597498238e+00 1.316424309163705963e+01
6.091541245232643398e+00 1.169533739955366869e+01
6.097826243439735450e+00 9.899877936977938830e+00
6.104111770776667889e+00 8.818752771185772943e+00
6.110396747466277034e+00 8.760864406109742930e+00
6.116679071538609236e+00 7.807576340435343987e+00
6.122958529493147672e+00 6.936202656362840280e+00
6.129240445810509641e+00 6.457401961940226087e+00
6.135524780557309654e+00 6.269085887892865472e+00
6.141807474577858805e+00 5.735037072850580842e+00
6.148089386189230510e+00 5.210352340357072620e+00
6.154375713159891070e+00 5.034930941829498963e+00
6.160661139581105950e+00 4.802407842774940150e+00
6.166941022971138331e+00 4.475089322488368104e+00
6.173222562097184785e+00 4.172338642299887823e+00
6.179507647741183440e+00 4.091773151065545733e+00
6.185789356936125749e+00 3.889753502622580239e+00
6.192072249861043431e+00 3.679015490768015706e+00
6.198356783359496802e+00 3.470559642392204047e+00
6.204641274559973496e+00 3.416935595675171466e+00
6.210924271106035732e+00 3.272389435765310495e+00
6.217206768102415460e+00 3.152579550406100051e+00
6.223486202302879633e+00 3.006257951978132947e+00
6.229767722260432627e+00 2.986204259020068363e+00
6.236054214854060085e+00 2.885542583205266354e+00
6.242340046436461343e+00 2.783604531543658833e+00
6.248623268972994360e+00 2.722389451249852321e+00
6.254906079998900026e+00 2.703788728487426685e+00
6.261190798611801611e+00 2.638185423443692557e+00
6.267470893840453527e+00 2.580458373054592247e+00
6.273752395561465356e+00 2.546232653945362134e+00
6.280038415116336203e+00 2.551954935852236872e+00
6.286322359143823313e+00 2.515299336222136084e+00
6.292605930180390494e+00 2.489083087188257881e+00
6.298890629102372074e+00 2.480048278759008351e+00
6.305171573266470375e+00 2.491782257750690288e+00
6.311455101240412091e+00 2.479881611299152411e+00
6.317739752668598996e+00 2.498769148352699698e+00
6.324019791664828638e+00 2.512345320908854429e+00
6.330300090404453961e+00 2.558704525190964141e+00
6.336582976227302488e+00 2.582425266036715961e+00
6.342866512790590328e+00 2.611013167486409881e+00
6.349149664171966911e+00 2.662991206257621979e+00
6.355436214245748339e+00 2.745599083745767555e+00
6.361722100221464338e+00 2.772417257407067126e+00
6.368004157429771439e+00 2.868737918858129898e+00
6.374285543992137093e+00 2.939221730676936595e+00
6.380569360201161722e+00 3.016067925790315130e+00
6.386853196179592906e+00 3.108902065764757694e+00
6.393134053012607509e+00 3.275202331369002628e+00
6.399418824019404539e+00 3.357256082497371175e+00
6.405704396360532904e+00 3.445224806607396495e+00
6.411984928491945013e+00 3.511488624142184545e+00
6.418265745466296579e+00 3.735317650775336062e+00
6.424549958658937854e+00 3.759068954237272830e+00
6.430834939158401653e+00 3.855649259382676775e+00
