8.899641653093008295e-03 3.416015331561748969e+00
1.539332528288165670e-02 4.011412726508246429e+00
2.155046762996598239e-02 3.866090071828741426e+00
2.783660762585126597e-02 3.405003735142895671e+00
3.439928854529101382e-02 2.870133033165565006e+00
4.083988908678293228e-02 2.429108619689941406e+00
4.696089820801348236e-02 2.127694215636322550e+00
5.319831544433587661e-02 1.925717353820800781e+00
5.953007160048735813e-02 1.781552820038377227e+00
6.593106050382960270e-02 1.655457652698863580e+00
7.211112823241795644e-02 1.526249812199519162e+00
7.840743265709380905e-02 1.372858253583926658e+00
8.486374147573563786e-02 1.206176549323494829e+00
9.105720993371453631e-02 1.060755763816378261e+00
9.723119438183111529e-02 9.382364241803278215e-01
1.035474523099094157e-01 8.446586974772424261e-01
1.098380096325790867e-01 7.814705060021884808e-01
1.160878800454857029e-01 7.390113621245270048e-01
1.223769048302436324e-01 7.058450108010655422e-01
1.287591547856025143e-01 6.696398785574517731e-01
1.350589943281513827e-01 6.273908042706870525e-01
1.412290290659165837e-01 5.798744666778048451e-01
1.475161690700088069e-01 5.292025574252136044e-01
1.537996369822966225e-01 4.803267532125575223e-01
1.601026478659483554e-01 4.395883377596084829e-01
1.664508001660549019e-01 4.088083449797949576e-01
1.727583237560037233e-01 3.862233607945746439e-01
1.790245845132147351e-01 3.700525562449555883e-01
1.852702546080971790e-01 3.561094098898186511e-01
1.914887492119529966e-01 3.422019891217482623e-01
1.977904085892937536e-01 3.254213204618457977e-01
2.041115446406587541e-01 3.063822005366425016e-01
2.104256850836569714e-01 2.861269017269736370e-01
2.167058561960866769e-01 2.668681208412748140e-01
2.229761248051159717e-01 2.501012181707499282e-01
2.292828550697881274e-01 2.359460906727440799e-01
2.355310205895554676e-01 2.250289908265898364e-01
2.418144967727207939e-01 2.162986612803657338e-01
2.481043196360692704e-01 2.087159351317286193e-01
2.543667409246888611e-01 2.013333089971086343e-01
2.606678092543103231e-01 1.932778903241335056e-01
2.669430136113040697e-01 1.841976596567144187e-01
2.732519464783976226e-01 1.752454806556255629e-01
2.795627339315375770e-01 1.664674723504338261e-01
2.858373502475139438e-01 1.581930165504013830e-01
2.920953075698756729e-01 1.510151304321788734e-01
2.983525092968341563e-01 1.447638687260426882e-01
3.046702740008471189e-01 1.394894190169735371e-01
3.109590627528140416e-01 1.347149273081900689e-01
3.172239916515500191e-01 1.301712893691130135e-01
3.235299724572279767e-01 1.257102062488899274e-01
3.298388395071043533e-01 1.210853811635418525e-01
3.361383844359337458e-01 1.162693268669929281e-01
3.423877713306480719e-01 1.117092342304028263e-01
3.486623155692267217e-01 1.073660714285714218e-01
3.549448882949312045e-01 1.031571794431264677e-01
3.611996781549324798e-01 9.945639752327127547e-02
3.674875026172954029e-01 9.606021509299288164e-02
3.737698636248200090e-01 9.302281420736052686e-02
3.800714314497639634e-01 9.007289814964447583e-02
3.863585763589229560e-01 8.733391868693947402e-02
3.926354401118986037e-01 8.446623987386420174e-02
3.989457585494922132e-01 8.170356021508265454e-02
4.052156663313305485e-01 7.893864875647045587e-02
4.115034152883392804e-01 7.636649729310486523e-02
4.177905076349040514e-01 7.380135431961822035e-02
4.240487051047501788e-01 7.146320083921108013e-02
4.303463415118498614e-01 6.920052820074892863e-02
4.366358695421740932e-01 6.724898676121456031e-02
4.429029287921816826e-01 6.526140902790046605e-02
4.491680252572889942e-01 6.345634076667265588e-02
4.554486850820457788e-01 6.159410978618420907e-02
4.617725565885423267e-01 5.978303231378344351e-02
4.680757412093953795e-01 5.804967556320100863e-02
4.743564916629640638e-01 5.636883859117004097e-02
4.806425428564732871e-01 5.470944297654008887e-02
4.869129233098823395e-01 5.314879569810038867e-02
4.931745196394184405e-01 5.169192574609689228e-02
4.994506890543656263e-01 5.029784713040676147e-02
5.057241638978529075e-01 4.891677154861589355e-02
5.120042719980517631e-01 4.761604097550189985e-02
5.183192340646139984e-01 4.634029317808135290e-02
5.246161892892522438e-01 4.518970411914594032e-02
5.308869673046785476e-01 4.392775361761083741e-02
5.371637224096752483e-01 4.277839419187060704e-02
5.434652729571635144e-01 4.170329182795584622e-02
5.497524178004593587e-01 4.062669552660775479e-02
5.559970921381958142e-01 3.953738098980319471e-02
5.622866379023159222e-01 3.855955134974943521e-02
5.686033203527380842e-01 3.754097447439645741e-02
5.748823709563090079e-01 3.659688074503283234e-02
5.811585199734176088e-01 3.572655453820269833e-02
5.874446517276211699e-01 3.485884289567239142e-02
5.937246335834056588e-01 3.400134071921788459e-02
6.000023445208265693e-01 3.316251936226036201e-02
6.062700655927123483e-01 3.234507598031838294e-02
6.125564878198721530e-01 3.161117313441017679e-02
6.188675697062213654e-01 3.086122433203918741e-02
6.251436203714340056e-01 3.010453957616859855e-02
6.314092032308914471e-01 2.940059804796669660e-02
6.377070744462735030e-01 2.870926112351247436e-02
6.439915699782213787e-01 2.804619386031256129e-02
6.502746657481665027e-01 2.736081427265892041e-02
6.565654463687421449e-01 2.678234866663142810e-02
6.628457378217490481e-01 2.614087858638614731e-02
6.691273712706959920e-01 2.552034787581455161e-02
6.754135024521100705e-01 2.494899160570213451e-02
6.816942288653291548e-01 2.438688353462366634e-02
6.879707219643064198e-01 2.385117403065312863e-02
6.942401964891569133e-01 2.329742405147581380e-02
7.005213539313046578e-01 2.278541762207372465e-02
7.068163049835881617e-01 2.226952814816040085e-02
7.131046379544038194e-01 2.177869730914129554e-02
7.193979933183044517e-01 2.130106928515922843e-02
7.256912769458278012e-01 2.083753338296904720e-02
7.319732112087881104e-01 2.040489305532131731e-02
7.382575498732680819e-01 1.990570163298262946e-02
7.445309219837563663e-01 1.948699619462844826e-02
7.507908721544984676e-01 1.905481600109310003e-02
7.570762748651901353e-01 1.867574066014080977e-02
7.633652442780797243e-01 1.824437600435252840e-02
7.696523768503739094e-01 1.784921353768590194e-02
7.759443911184177312e-01 1.747564167551435635e-02
7.822388793759307291e-01 1.709275185661745730e-02
7.885422505712965657e-01 1.674395557278211474e-02
7.947958170677573708e-01 1.637686906762755162e-02
8.010501857211035359e-01 1.603605214524777764e-02
8.073371699120777123e-01 1.568526087232852834e-02
8.136256953004623593e-01 1.535746623819049181e-02
8.199185768310989220e-01 1.503082036039311148e-02
8.261975950269245805e-01 1.471449579081427449e-02
8.324916626456120294e-01 1.440916984000388881e-02
8.387980487119468531e-01 1.407988433244163236e-02
8.450681625339854230e-01 1.381349081996234573e-02
8.513326310877129544e-01 1.350374384897118536e-02
8.576229699198910650e-01 1.323349060278644108e-02
8.639079722665760075e-01 1.294608504094902149e-02
8.701845317394016899e-01 1.268774134608709886e-02
8.764647451447489246e-01 1.241122974700806410e-02
8.827524554796379874e-01 1.215980731914697091e-02
8.890360933084631156e-01 1.191668897359606655e-02
8.953122302139767674e-01 1.167456446438904991e-02
9.015989135410911182e-01 1.140851797404701662e-02
9.078856597069530077e-01 1.118622449284408828e-02
9.141777176955673267e-01 1.094986866608772640e-02
9.204705311210197305e-01 1.071206483840729529e-02
9.267502199878263625e-01 1.049436004110166319e-02
9.330346272813238029e-01 1.027743206679957409e-02
9.393297286529698198e-01 1.007385979149301274e-02
9.456020466528652912e-01 9.862809554075938068e-03
9.518687891863797379e-01 9.645681011903111876e-03
9.581418737840891042e-01 9.462324843102701624e-03
9.644369887048810375e-01 9.268408263671286743e-03
9.707375181351720617e-01 9.054269146680655675e-03
9.770097663529486720e-01 8.880741633193954890e-03
9.832835755838400527e-01 8.695427751093188010e-03
9.895569992810110405e-01 8.511310977663307312e-03
9.958480710782616763e-01 8.329658595808765373e-03
1.002138575493429995e+00 8.163848901218765872e-03
1.008406592376542843e+00 7.994529444186283459e-03
1.014697842972237973e+00 7.830882480253030867e-03
1.020995892874764666e+00 7.659761381684651073e-03
1.027276368069287793e+00 7.500991284869652428e-03
1.033563189136701643e+00 7.351958876363544684e-03
1.039851148620366539e+00 7.198985571612866174e-03
1.046127943161246687e+00 7.046839268879979967e-03
1.052404895272092133e+00 6.894306576558935362e-03
1.058683000430492127e+00 6.751295025325232402e-03
1.064967127327474117e+00 6.605334510088739508e-03
1.071258688161570438e+00 6.470237009037935541e-03
1.077544330604543799e+00 6.341290021017701763e-03
1.083828423436568711e+00 6.202348656105271564e-03
1.090113342297217791e+00 6.066663271410474741e-03
1.096393171946581147e+00 5.938603692540159532e-03
1.102683425690332397e+00 5.815248714735559224e-03
1.108964675464843452e+00 5.690882975026958883e-03
1.115226705913353378e+00 5.574565516021343786e-03
1.121503167812783808e+00 5.455827059419706901e-03
1.127793382225193985e+00 5.339212899438462376e-03
1.134092036465484288e+00 5.223124340206817574e-03
1.140366923395659482e+00 5.118662173485058302e-03
1.146641931784804447e+00 5.002124592316773907e-03
1.152944617322677390e+00 4.896518017225702513e-03
1.159230356871362666e+00 4.791559214254488205e-03
1.165510994903905084e+00 4.687281554234350861e-03
1.171794297100004156e+00 4.587988673830292220e-03
1.178088255559602393e+00 4.485632729894467596e-03
1.184371772446566995e+00 4.391297719580319545e-03
1.190639487122887363e+00 4.294383028406777505e-03
1.196916336380001056e+00 4.200110631098850217e-03
1.203204375371396573e+00 4.109667768972429143e-03
1.209488225901738323e+00 4.025637080673459545e-03
1.215765679709200020e+00 3.930901911859429644e-03
1.222058041744503942e+00 3.850843511152294164e-03
1.228350115998196657e+00 3.760067393512719555e-03
1.234637679107109420e+00 3.680195653032745321e-03
1.240908145406735441e+00 3.597497185041969442e-03
1.247180835746598104e+00 3.525517442731983600e-03
1.253468531500335770e+00 3.437153891734327088e-03
1.259751636995439350e+00 3.364706794304571629e-03
1.266035077425267108e+00 3.288335079584780041e-03
1.272321570618527797e+00 3.214508898206268946e-03
1.278608208280544778e+00 3.149580035724173967e-03
1.284887298154571367e+00 3.068099163591525656e-03
1.291176964274221017e+00 3.007525369341700495e-03
1.297469848393144831e+00 2.937524415524397827e-03
1.303745183221867832e+00 2.870096940123912244e-03
1.310019952103037566e+00 2.804094848509755544e-03
1.316304889985511428e+00 2.743306239806055265e-03
1.322589692250816240e+00 2.682499296610746462e-03
1.328868076233011619e+00 2.620184502934456029e-03
1.335146302472670188e+00 2.557114200632596562e-03
1.341442338921303268e+00 2.501102383941197684e-03
1.347732504022160827e+00 2.441439505778429230e-03
1.354002360904259961e+00 2.385575945457669642e-03
1.360285090555885645e+00 2.330927634649723832e-03
1.366569991348876023e+00 2.279175439639333656e-03
1.372854357884312648e+00 2.225132352243249217e-03
1.379136732473180915e+00 2.171266938408122297e-03
1.385410660878153122e+00 2.125622366511241684e-03
1.391699780091347760e+00 2.072982732509611684e-03
1.397986514487977949e+00 2.023954360201619083e-03
1.404269431125305445e+00 1.978738017624315487e-03
1.410558481592738334e+00 1.931345522473035432e-03
1.416841921169897933e+00 1.885532631359120243e-03
1.423120638450376285e+00 1.841384608469742853e-03
1.429399525711986918e+00 1.799260304353015672e-03
1.435687195920436032e+00 1.754472979296783182e-03
1.441978909597384506e+00 1.713100368962508719e-03
1.448256353182435952e+00 1.671386445570874650e-03
1.454533979889224504e+00 1.632554166263630938e-03
1.460823291195719742e+00 1.595465413286950357e-03
1.467115297699349785e+00 1.556065425133434021e-03
1.473396431849603117e+00 1.517069854427889131e-03
1.479672187129404293e+00 1.479195876937365811e-03
1.485957336950811003e+00 1.447763804847667594e-03
1.492235428844137068e+00 1.410965532250379973e-03
1.498505563158792242e+00 1.376273929066455185e-03
1.504788033368229971e+00 1.344866917708036416e-03
1.511077562324459223e+00 1.311521340700524604e-03
1.517363063341846008e+00 1.277669775387165222e-03
1.523653270341324806e+00 1.249513949769947207e-03
1.529942912799504340e+00 1.218525724926935571e-03
1.536231829420274808e+00 1.188748511929987005e-03
1.542513327069792606e+00 1.158564501639126453e-03
1.548785556440221534e+00 1.130900344161202579e-03
1.555073465503286512e+00 1.105587982202691031e-03
1.561358245907146003e+00 1.075416355975847586e-03
1.567631451431686029e+00 1.051272481090480835e-03
1.573918013544226335e+00 1.023899790868873418e-03
1.580207648268701970e+00 9.998152006868556239e-04
1.586489494063065386e+00 9.743186479206941523e-04
1.592763080732128689e+00 9.518169205301327740e-04
1.599049662621118140e+00 9.286191210970962118e-04
1.605345053337696948e+00 9.050259712877756343e-04
1.611620459129566862e+00 8.828156532048286702e-04
1.617898365736541777e+00 8.620307892672930813e-04
1.624184845436249969e+00 8.401963960842898007e-04
1.630466505740439054e+00 8.202855357505223124e-04
1.636751035144561328e+00 8.005662910069348635e-04
1.643032775792161226e+00 7.800520134867861693e-04
1.649311205731157637e+00 7.620815147780356930e-04
1.655595559618384449e+00 7.439415946587352559e-04
1.661881635856505390e+00 7.247599578568246232e-04
1.668171353955333336e+00 7.095887560261291077e-04
1.674453350850270361e+00 6.904952754786663083e-04
1.680725924646356395e+00 6.743706044864589176e-04
1.687014542692673036e+00 6.592044843342283623e-04
1.693310190593907416e+00 6.435617325813746455e-04
1.699585582287156615e+00 6.290201891536291662e-04
1.705866511081394421e+00 6.132752788912176683e-04
1.712160676675390514e+00 5.996631565147448033e-04
1.718444821026641867e+00 5.875197680031181294e-04
1.724722780324677629e+00 5.732883957608644323e-04
1.730998407906060743e+00 5.606526258670086350e-04
1.737287228726877686e+00 5.482863297050886856e-04
1.743568303176275425e+00 5.363952349680089745e-04
1.749841689593745420e+00 5.258023629493417152e-04
1.756129388522271517e+00 5.135028483528641854e-04
1.762415116633644363e+00 5.045786151026937071e-04
1.768698244482999726e+00 4.937397398695485317e-04
1.774980086402522028e+00 4.840399292617551287e-04
1.781265981096536777e+00 4.757169787103971196e-04
1.787550624457374449e+00 4.668606215809790018e-04
1.793835833491845833e+00 4.578227745432037529e-04
1.800117311233924822e+00 4.512064649512423321e-04
1.806395490080128896e+00 4.441244772362259118e-04
1.812674669631440416e+00 4.382750774201186160e-04
1.818957879507353992e+00 4.308538332955363904e-04
1.825245306758315422e+00 4.253565306542931288e-04
1.831528271693480647e+00 4.214016581977068541e-04
1.837812827050599118e+00 4.167265489281808178e-04
1.844103367940866489e+00 4.124892143007303060e-04
1.850386948924649388e+00 4.089756037324656659e-04
1.856666935595761014e+00 4.061119719965154630e-04
1.862948995952047992e+00 4.033561347521915069e-04
1.869230662203537285e+00 4.013961929742651384e-04
1.875518523852231834e+00 4.005744278085172938e-04
1.881801828956604083e+00 3.995738242230854171e-04
1.888079605905484737e+00 3.996817375950791821e-04
1.894354917179238207e+00 4.002534754148620913e-04
1.900643508338552223e+00 4.012236746189175090e-04
1.906933681097740418e+00 4.034383352945129612e-04
1.913208537729330194e+00 4.049760927929561328e-04
1.919491876081842907e+00 4.099370015507420944e-04
1.925778583551117418e+00 4.135862680412332728e-04
1.932066442879381896e+00 4.170963481988438823e-04
1.938345779800252577e+00 4.237184233703238361e-04
1.944621163117130624e+00 4.285898030157568074e-04
1.950906419736068598e+00 4.347213882517900934e-04
1.957194922928259695e+00 4.424009843190283777e-04
1.963480698366232735e+00 4.510242964388863065e-04
1.969761129083444473e+00 4.623735425294321047e-04
1.976050304691988391e+00 4.688707676284301420e-04
1.982339908457910083e+00 4.807291765366794242e-04
1.988618349245825812e+00 4.930892939992430769e-04
1.994897766502643721e+00 5.051341783415167581e-04
2.001180771161680028e+00 5.183212753322823368e-04
2.007460336186321026e+00 5.330914126438528666e-04
2.013738753216055777e+00 5.497874812111796681e-04
2.020018986124832772e+00 5.672383898669894602e-04
2.026310836118350167e+00 5.846182529561423256e-04
2.032601207862052561e+00 6.054150687744514012e-04
2.038875504895327317e+00 6.249495283023447654e-04
2.045155551699306962e+00 6.428734719228657718e-04
2.051445731990026999e+00 6.664622563916597917e-04
2.057731375213294633e+00 6.896817755715213246e-04
2.064016423384301913e+00 7.185918035831075860e-04
2.070302827783211619e+00 7.364816787018273626e-04
2.076590615358942848e+00 7.706644200088408640e-04
2.082865814675600280e+00 7.964076394072969189e-04
2.089135078390696343e+00 8.263031316062031690e-04
2.095424699602885799e+00 8.590407493081338120e-04
2.101708259047597949e+00 8.937726023486303184e-04
2.107987807301212158e+00 9.233465217497384848e-04
2.114274337075186416e+00 9.616300699195498526e-04
2.120555211422834319e+00 1.004923201798884258e-03
2.126838540980260372e+00 1.033699351429414118e-03
2.133123767198004117e+00 1.084152707630530463e-03
2.139413031894335848e+00 1.122533539130554864e-03
2.145698041890389263e+00 1.171164980395853188e-03
2.151974340624452253e+00 1.224322502021911148e-03
2.158260630891077003e+00 1.259998497283122037e-03
2.164546658731809625e+00 1.322539866952513214e-03
2.170832823837292480e+00 1.368497976718965458e-03
2.177115967197242430e+00 1.432891095673191964e-03
2.183389032615354441e+00 1.484631723645947129e-03
2.189670975244353279e+00 1.541736328690055356e-03
2.195960831894089527e+00 1.610556076649257654e-03
2.202245817416866203e+00 1.668925278047322719e-03
2.208524601220368755e+00 1.740483537508929644e-03
2.214805589383115780e+00 1.805733149918645327e-03
2.221093631642824917e+00 1.884184726309963247e-03
2.227374275520719316e+00 1.960047842654396265e-03
2.233658333286540287e+00 2.029398016923086596e-03
2.239946072329966231e+00 2.116045545240898863e-03
2.246226850917138140e+00 2.187060853633664408e-03
2.252506781988718565e+00 2.284712808601899355e-03
2.258783643789477491e+00 2.370472923157109987e-03
2.265069381259946724e+00 2.451705305130866524e-03
2.271351266578538919e+00 2.552945318746299794e-03
2.277635010148555850e+00 2.653953754203122826e-03
2.283922963308533394e+00 2.773409825240103800e-03
2.290204538958168001e+00 2.859686128651584783e-03
2.296492854789115245e+00 2.970070845641964875e-03
2.302773836462560286e+00 3.088348014721797007e-03
2.309052848528886148e+00 3.206789707012650502e-03
2.315340397783157922e+00 3.325327459989383273e-03
2.321629550362612981e+00 3.440408477579867848e-03
2.327914834812394584e+00 3.581909270533766270e-03
2.334189028016975698e+00 3.705499546508292733e-03
2.340468735514670495e+00 3.861502522670085761e-03
2.346757573269963704e+00 3.984430189880444444e-03
2.353046701279460251e+00 4.138397247239729813e-03
2.359329919851476554e+00 4.297624322305956118e-03
2.365603805485394950e+00 4.473374536181044456e-03
2.371887442159951398e+00 4.596422125086986957e-03
2.378175480496420580e+00 4.776777069953828600e-03
2.384455602231496218e+00 4.936851923740511079e-03
2.390737631861327372e+00 5.114862582489501479e-03
2.397015688929587718e+00 5.311452509690050075e-03
2.403297559533717376e+00 5.503785678185910829e-03
2.409586419743307228e+00 5.702268303980786643e-03
2.415875314660682172e+00 5.883790401581903869e-03
2.422164535679191655e+00 6.072309998626452925e-03
2.428442137972055104e+00 6.327529627190147180e-03
2.434719213815070837e+00 6.516936291239067668e-03
2.441002915255427563e+00 6.733077408301682901e-03
2.447292244015294216e+00 7.001024852677428453e-03
2.453574548397714494e+00 7.273385013537040679e-03
2.459853950840888093e+00 7.479465706628514628e-03
2.466141393364139400e+00 7.717937639613407612e-03
2.472424340910468477e+00 7.990472083622197907e-03
2.478699559716526224e+00 8.264819597403598450e-03
2.484981956405843295e+00 8.585559214571282169e-03
2.491271774374293368e+00 8.792613855488870186e-03
2.497550925125272325e+00 9.159049877413751733e-03
2.503833126215876170e+00 9.435940338662615612e-03
2.510118697329297710e+00 9.766987363622629814e-03
2.516402124721602629e+00 1.012407380707294052e-02
2.522689938852853420e+00 1.044522175033525679e-02
2.528973288009538134e+00 1.080957717691313595e-02
2.535253600549877362e+00 1.117210383452664491e-02
2.541538941914911476e+00 1.154486842311704120e-02
2.547825021627405206e+00 1.188743358721161374e-02
2.554103008122937002e+00 1.238316904573005632e-02
2.560378237915397648e+00 1.266139758405123925e-02
2.566669017775174755e+00 1.312708208119201317e-02
2.572956571054420216e+00 1.354693134735587487e-02
2.579236104287966125e+00 1.404956821402197562e-02
2.585522655546601989e+00 1.449116996963386098e-02
2.591808172184224546e+00 1.501787243200756149e-02
2.598087543498381002e+00 1.539203289957189608e-02
2.604361437550918978e+00 1.601875370745306157e-02
2.610647591905687293e+00 1.645973435961315887e-02
2.616933270352379548e+00 1.693590278594537743e-02
2.623207934884185466e+00 1.773282722769493544e-02
2.629492944384940412e+00 1.816099524661985570e-02
2.635779602277390499e+00 1.886885722211206415e-02
2.642061794567720945e+00 1.942857822528414047e-02
2.648344685049869529e+00 2.015969963641438267e-02
2.654633852395646088e+00 2.078351604894532190e-02
2.660920832685793602e+00 2.162235252886274620e-02
2.667200003651473139e+00 2.237219536506643638e-02
2.673485665061926309e+00 2.300428847601679663e-02
2.679774189917022653e+00 2.376650206981582164e-02
2.686059197445316293e+00 2.443743352573931119e-02
2.692340742040600254e+00 2.541199146127753536e-02
2.698619785325931719e+00 2.621671511740850807e-02
2.704896067289608741e+00 2.715775145022274184e-02
2.711176296267862273e+00 2.803554796120380499e-02
2.717460477624493720e+00 2.894184064915281476e-02
2.723746785600710485e+00 3.004751779849903354e-02
2.730040839622854598e+00 3.090798952656869172e-02
2.736320462271965681e+00 3.198689849487965781e-02
2.742593167856604897e+00 3.336097802573342874e-02
2.748880654965284887e+00 3.445736114592740790e-02
2.755164406907204988e+00 3.591467575978386784e-02
2.761447966179410241e+00 3.702994087156816216e-02
2.767734949986044413e+00 3.825574426309309717e-02
2.774018204230510154e+00 3.936112639196717722e-02
2.780299459131881701e+00 4.096084694174184637e-02
2.786578380850841974e+00 4.278686444255217630e-02
2.792858749059577761e+00 4.395131519192595898e-02
2.799144688897090116e+00 4.582700687632737524e-02
2.805431744286055018e+00 4.757543318685708567e-02
2.811716466586489993e+00 4.912992108118723750e-02
2.817990514261363710e+00 5.141134380864717524e-02
2.824271178017407902e+00 5.262384192936873234e-02
2.830565310473360352e+00 5.477678392953449354e-02
2.836850361681537702e+00 5.723802850377161106e-02
2.843131259198828698e+00 5.988356459778371860e-02
2.849415373186487965e+00 6.240431442722967764e-02
2.855698064670956882e+00 6.406671223277662919e-02
2.861978975302818640e+00 6.685609516469077918e-02
2.868263635614905827e+00 6.908217423936516277e-02
2.874548572895146759e+00 7.258447567634129793e-02
2.880833509046437424e+00 7.583687413546255640e-02
2.887115914775806313e+00 7.812267424311510056e-02
2.893396211301912935e+00 8.224266119141185327e-02
2.899675259048415388e+00 8.548763074111856430e-02
2.905955807169823046e+00 8.872100928194283365e-02
2.912242784565592046e+00 9.295552669443252203e-02
2.918528489082492516e+00 9.739794229709117235e-02
2.924812236943901578e+00 1.015727330980424475e-01
2.931097264553834236e+00 1.057558282877980177e-01
2.937379046647154990e+00 1.122398298812525008e-01
2.943662417245681340e+00 1.170835624691164839e-01
2.949948997849719756e+00 1.223952694900330568e-01
2.956228453902073561e+00 1.290350574006876860e-01
2.962510840116227673e+00 1.354093186705746521e-01
2.968797192440125965e+00 1.421650746179760616e-01
2.975078489423049533e+00 1.486280236130116394e-01
2.981360447198230457e+00 1.567908620291178501e-01
2.987647323528414223e+00 1.671687497758017893e-01
2.993932064934300641e+00 1.729522304439894409e-01
3.000209551562139421e+00 1.827685307800493986e-01
3.006487470944601892e+00 1.905959479946947588e-01
3.012770586989486521e+00 2.042967144245182443e-01
3.019055028984091837e+00 2.173078414743874753e-01
3.025339593109035885e+00 2.282399953094977341e-01
3.031624651041083141e+00 2.455441611910761102e-01
3.037909525040372927e+00 2.583726249999150348e-01
3.044196264475506730e+00 2.763141906627692990e-01
3.050477886447245712e+00 2.964773250681951855e-01
3.056756711732924625e+00 3.133834363777720511e-01
3.063041213115731409e+00 3.346252281966428099e-01
3.069324013399330031e+00 3.618342841771446383e-01
3.075611272807551533e+00 3.809943704063158409e-01
3.081895489281643030e+00 4.112527873219510299e-01
3.088176199887292306e+00 4.540041425710462653e-01
3.094459112917897325e+00 4.804060864011941989e-01
3.100744234350492956e+00 5.361059091341895400e-01
3.107029324214496846e+00 5.740236723998004553e-01
3.113310425776543600e+00 6.257528345243970058e-01
3.119592029507459507e+00 6.556926850411719521e-01
3.125875559417674587e+00 7.170521315204539947e-01
3.132160147770352676e+00 7.672605888788970319e-01
3.138440210879888337e+00 9.078972765888480012e-01
3.144724491651683440e+00 9.742096620700644305e-01
3.151004924765398840e+00 1.134628659118654959e+00
3.157285342196649136e+00 1.228991204917485591e+00
3.163570603826113992e+00 1.376403290259453849e+00
3.169852350185627277e+00 1.566383467264615525e+00
3.176138770387999966e+00 1.813703286897276890e+00
3.182422419512343836e+00 1.992101691479929881e+00
3.188703671424619746e+00 2.365434378609435395e+00
3.194991280550246948e+00 2.704648030551868754e+00
3.201276738120839127e+00 3.397686696991070399e+00
3.207553033218304872e+00 4.292375033969802800e+00
3.213836161597863672e+00 2.723424043276488682e+00
3.220123259784395398e+00 2.112139065417841721e+03
3.226407551420531483e+00 3.722481888855575960e+00
3.232689305629245613e+00 4.223419032217877067e+00
3.238971071582136041e+00 3.368211653777809289e+00
3.245255685894246067e+00 2.839441109661782203e+00
3.251535715250951863e+00 2.466131614653196635e+00
3.257819502328903827e+00 2.110612425865623809e+00
3.264103492610594071e+00 1.886385946852315421e+00
3.270384810144397303e+00 1.634532501849201624e+00
3.276670428022039783e+00 1.505577014664590152e+00
3.282955566270326919e+00 1.363890071563132356e+00
3.289237716703969916e+00 1.214796235158271065e+00
3.295520653962330293e+00 1.090724447701980848e+00
3.301807644101458550e+00 9.671711422377318179e-01
3.308089302529158449e+00 9.014296361814870817e-01
3.314368987794545252e+00 8.015311771703347299e-01
3.320652691368451315e+00 7.556833375811721210e-01
3.326932422871479833e+00 6.828732583039514026e-01
3.333218115701501727e+00 6.302629089152923525e-01
3.339505861603602188e+00 5.887576016630002851e-01
3.345788344868127595e+00 5.569261949786675769e-01
3.352073190624765164e+00 5.119201003912676740e-01
3.358352694183646125e+00 4.802913314391023536e-01
3.364631227903127186e+00 4.500635434774522547e-01
3.370918965384773536e+00 4.149874245722726673e-01
3.377201513381668629e+00 3.992666596765604425e-01
3.383485934595764633e+00 3.736184843081019058e-01
3.389772491671652066e+00 3.507592261343092099e-01
3.396053991719500509e+00 3.330254907176406487e-01
3.402334005192525712e+00 3.141559452931727559e-01
3.408611853508482170e+00 3.006499591265818783e-01
3.414897839864825535e+00 2.850693031847058578e-01
3.421181285155862728e+00 2.680008708458300193e-01
3.427465364374100876e+00 2.564690158138651643e-01
3.433754096688785840e+00 2.452534143904064046e-01
3.440035356242748144e+00 2.348182542870105582e-01
3.446315808169163386e+00 2.229586134192572400e-01
3.452602963757077426e+00 2.116709312914016317e-01
3.458885619127623823e+00 2.043060408844191433e-01
3.465165758924614980e+00 1.941250992614789173e-01
3.471451503231973046e+00 1.858319861808226114e-01
3.477736678957558336e+00 1.803296782301437862e-01
3.484022358005950615e+00 1.729064586517811142e-01
3.490300354914448899e+00 1.636771388056902088e-01
3.496585015994501777e+00 1.603830102004981939e-01
3.502870831105572069e+00 1.536910604741681952e-01
3.509147722814735637e+00 1.482660666556766260e-01
3.515429662141086098e+00 1.427306064499987981e-01
3.521712008697834850e+00 1.372417791401095433e-01
3.527993736944767811e+00 1.331930069142802930e-01
3.534279159635547618e+00 1.290267772659581536e-01
3.540566564128809546e+00 1.234695332969172749e-01
3.546847878650843722e+00 1.211777951176848250e-01
3.553133555247947939e+00 1.178158449992826873e-01
3.559420214763478363e+00 1.133919359584627667e-01
3.565699480408631494e+00 1.104658919166164599e-01
3.571981368517234134e+00 1.073945970483553697e-01
3.578268698423837879e+00 1.033459205292657224e-01
3.584550774530670392e+00 1.010125344873593345e-01
3.590828935987784298e+00 9.836181672884077021e-02
3.597110718088889492e+00 9.543294416708218708e-02
3.603396512424406506e+00 9.355447133509429969e-02
3.609676747082802173e+00 9.048776527798779723e-02
3.615957977992316330e+00 8.900114477763063081e-02
3.622243580426721010e+00 8.597442572465939514e-02
3.628522628462809596e+00 8.462993238915057781e-02
3.634808120005133425e+00 8.217322729194777298e-02
3.641096965386622752e+00 8.085183849681788770e-02
3.647384913781243299e+00 7.877563523161983106e-02
3.653666753133836043e+00 7.717493065391531348e-02
3.659947726352769770e+00 7.596935992791879755e-02
3.666234893709818365e+00 7.413295641711542538e-02
3.672516996003137191e+00 7.309717543309862675e-02
3.678797940623468765e+00 7.127661730976872501e-02
3.685082198750683435e+00 6.996205803560477665e-02
3.691363013935667237e+00 6.893362257053435582e-02
3.697646206996081375e+00 6.736958303874913956e-02
3.703928900991629636e+00 6.689475925726501293e-02
3.710211472841704605e+00 6.570201112497912888e-02
3.716497167052446926e+00 6.470587282026928067e-02
3.722777172938726675e+00 6.396255577042707363e-02
3.729061287240359235e+00 6.225980082596466875e-02
3.735344545777875336e+00 6.216432007854798963e-02
3.741626449543836941e+00 6.109856180166391149e-02
3.747909505093512728e+00 6.046072941180683641e-02
3.754193016198873689e+00 5.985443550380285110e-02
3.760479637558913790e+00 5.928554359365646731e-02
3.766759446133269851e+00 5.872809704659114061e-02
3.773037643559592702e+00 5.772844655634835204e-02
3.779325182447645037e+00 5.765152425441513045e-02
3.785611241998332765e+00 5.706521142723700729e-02
3.791893886399857028e+00 5.661234543391573809e-02
3.798178379008452232e+00 5.645711087595391142e-02
3.804460597007844669e+00 5.594953089443814587e-02
3.810741293786842121e+00 5.633247286261139353e-02
3.817024656157668172e+00 5.551658432638752194e-02
3.823308984901775620e+00 5.546043047912916496e-02
3.829591178579501598e+00 5.541571810752313892e-02
3.835873668636422096e+00 5.497793779138866743e-02
3.842161045612500381e+00 5.547666589294857759e-02
3.848445733590433626e+00 5.471084174706970782e-02
3.854726100441019820e+00 5.557066791345931928e-02
3.861008152561713036e+00 5.514062584990127303e-02
3.867288667520160317e+00 5.500859844098417162e-02
3.873571407143857837e+00 5.558776253234765097e-02
3.879855154507281689e+00 5.533381503342756774e-02
3.886140680133453706e+00 5.618891708619773440e-02
3.892423554426630350e+00 5.592408626424326401e-02
3.898707135643554089e+00 5.660382655663909884e-02
3.904992757440263862e+00 5.703948896906923388e-02
3.911274451483945036e+00 5.685166467811584440e-02
3.917556732333046021e+00 5.817599982822401622e-02
3.923841166575323225e+00 5.767582129601611651e-02
3.930124816016721478e+00 5.925898526004499262e-02
3.936403665333011226e+00 5.928109828439644818e-02
3.942687802723190860e+00 5.968838102476180241e-02
3.948975148759096498e+00 6.123078089112625466e-02
3.955262046498601247e+00 6.052177351366613833e-02
3.961543413939611291e+00 6.323829054350298129e-02
3.967823997647459411e+00 6.276834620996483982e-02
3.974109649109424769e+00 6.422575363868807119e-02
3.980390315513306465e+00 6.555905093229728864e-02
3.986670633178865497e+00 6.510118940913006691e-02
3.992954341574337374e+00 6.842771628848043353e-02
3.999239437674898312e+00 6.761787804293316329e-02
4.005522652480014045e+00 7.019944157757783409e-02
4.011802048177673718e+00 7.123001535885414848e-02
4.018085141715408426e+00 7.159574834037064905e-02
4.024369535233901729e+00 7.497492622863299871e-02
4.030649783293330124e+00 7.379853320640401837e-02
4.036932679129111357e+00 7.823452002847521014e-02
4.043220418290019325e+00 7.830947650614267230e-02
4.049507661662086200e+00 8.021950524194769450e-02
4.055788045907045891e+00 8.307051722734951071e-02
4.062067059164522043e+00 8.205444407464973500e-02
4.068352854787344874e+00 8.887829354002309279e-02
4.074635659509510788e+00 8.765597075105706348e-02
4.080917054045270831e+00 9.154928133951920066e-02
4.087205686088069889e+00 9.334203736582942501e-02
4.093490301644573393e+00 9.420816924848514351e-02
4.099770438207295697e+00 1.011360072824968870e-01
4.106052527015961573e+00 9.969684318189697692e-02
4.112336138144955910e+00 1.060311351341914898e-01
4.118621532583603972e+00 1.067051412131780896e-01
4.124903585067976941e+00 1.103307340088951760e-01
4.131182712642240240e+00 1.159125537375256532e-01
4.137468630000815217e+00 1.136540366063896051e-01
4.143753536347550614e+00 1.262389306563906632e-01
4.150036722937140432e+00 1.238270171220485771e-01
4.156319556835904372e+00 1.301892046823117377e-01
4.162601167118149981e+00 1.355768034775128861e-01
4.168887134570721464e+00 1.341009091979687984e-01
4.175169561765874171e+00 1.491159509434847319e-01
4.181452242899395877e+00 1.453418469932913903e-01
4.187739255360579449e+00 1.582186295002105669e-01
4.194021594670000574e+00 1.598721523380728093e-01
4.200300760695198754e+00 1.633187394178446938e-01
4.206583573312412838e+00 1.769320287005605452e-01
4.212864548425995892e+00 1.707817618350120636e-01
4.219147128485455589e+00 1.962190832535972984e-01
4.225433661438403377e+00 1.903789680410757357e-01
4.231718368477329406e+00 2.037894852353719366e-01
4.237998895475036498e+00 2.130654757841519698e-01
4.244279597466258380e+00 2.060529150132996146e-01
4.250566280105218198e+00 2.457430204110272742e-01
4.256851587952112936e+00 2.284992620444576961e-01
4.263132860899111698e+00 2.566080569294089120e-01
4.269414568915884445e+00 2.624761092526546880e-01
4.275698115740782512e+00 2.626281368516703574e-01
4.281980156021848671e+00 3.040679046018073817e-01
4.288263338818810944e+00 2.801125084281576028e-01
4.294548516739729926e+00 3.384499881875396854e-01
4.300830910891001224e+00 3.224581405895537434e-01
4.307114686814344395e+00 3.482503461536248235e-01
4.313397714262970695e+00 3.786621852657755527e-01
4.319680042548951882e+00 3.461155183983197769e-01
4.325962677260454470e+00 4.538042574771165572e-01
4.332247955255882133e+00 4.063108855403675945e-01
4.338534851577296791e+00 4.776856070709299962e-01
4.344817821624197940e+00 4.767093992915928391e-01
4.351099303949236052e+00 4.708540070473287154e-01
4.357383544198474290e+00 6.006591341613259916e-01
4.363669160634735533e+00 5.152295674096499800e-01
4.369952160826413134e+00 6.794491346295877809e-01
4.376231841677308942e+00 6.175111487864589632e-01
4.382510196913425915e+00 6.996766285581496048e-01
4.388795959382868261e+00 7.830090337118041921e-01
4.395079843903230810e+00 6.602828510847622567e-01
4.401360933733665881e+00 1.009427549258810952e+00
4.407643714302012405e+00 8.089793241958331826e-01
4.413926461136920665e+00 1.107087111579710736e+00
4.420212544897195173e+00 1.035417373831832633e+00
4.426495749838379012e+00 9.932613683252281556e-01
4.432779159072235409e+00 1.538017970035465476e+00
4.439059915458222427e+00 1.108991219170513576e+00
4.445341878237662137e+00 1.810071060104237572e+00
4.451628428868033005e+00 1.391810664501242689e+00
4.457914551035861095e+00 1.895498315082561946e+00
4.464200235517868265e+00 2.031815460587189204e+00
4.470482182628605194e+00 1.666407680746483377e+00
4.476764673345638990e+00 3.264026528828413376e+00
4.483049464187839561e+00 2.117448671186165310e+00
4.489333155731497271e+00 4.028691015680916365e+00
4.495613345822325080e+00 2.870017683526454810e+00
4.501892119142445026e+00 2.806897069727699368e+00
4.508175121787952655e+00 6.086210469265582290e+00
4.514460900366407792e+00 3.680012445370343777e+00
4.520742053546796591e+00 8.677995403045606793e+00
4.527023810359859013e+00 5.543187784222922687e+00
4.533308960469576654e+00 1.111090517703792990e+01
4.539592363903683037e+00 6.916678585075022312e+00
4.545874919538348990e+00 5.023115903935280180e+00
4.552157687156885402e+00 2.460800876403083748e+03
4.558443781612104395e+00 7.110685465789218007e+00
4.564727638565654111e+00 1.303157202546630700e+01
4.571009437592583602e+00 5.500531614621309018e+00
4.577294624203679163e+00 4.559519384603015979e+00
4.583578089646453968e+00 7.738427715059945200e+00
4.589862179487309568e+00 3.545812884546754695e+00
4.596143999485379439e+00 5.592541613707014747e+00
4.602425263016355572e+00 3.006882222471925381e+00
4.608712017363744806e+00 3.279386999188720786e+00
4.614996038799121791e+00 3.440039810777826723e+00
4.621277296175202665e+00 2.071882225500504493e+00
4.627559936726636458e+00 3.057187868407622133e+00
4.633841741478233800e+00 1.787166770937152593e+00
4.640122475394416135e+00 2.119926762951060972e+00
4.646404355152583321e+00 1.838201538365781706e+00
4.652690604636823046e+00 1.346173354872089112e+00
4.658976230417983366e+00 1.905840586793104308e+00
4.665257901055365863e+00 1.242850507338623567e+00
4.671540647875587204e+00 1.454219944137808751e+00
4.677823961431464284e+00 1.211113663808762064e+00
4.684108235097336426e+00 9.480868900300650770e-01
4.690391798870516382e+00 1.302790972531839842e+00
4.696675467203847987e+00 8.760883289560499332e-01
4.702958737792436672e+00 1.024848631251376485e+00
4.709239588303709922e+00 8.519356354386529162e-01
4.715521529300301218e+00 7.872671636855893551e-01
4.721804241650856326e+00 8.521657651158300872e-01
4.728088995851720711e+00 6.652094014849032622e-01
4.734372372593826483e+00 7.829418293223701086e-01
4.740653441478511532e+00 6.319867757966324273e-01
4.746937690136521226e+00 6.319839618688777305e-01
4.753220866740556438e+00 6.215182173228188667e-01
4.759499584445610942e+00 5.152614109450984747e-01
4.765784674643524177e+00 5.964177442878917379e-01
4.772072066667437440e+00 4.955199581585455482e-01
4.778354574712954772e+00 5.050665468195314478e-01
4.784639688699459548e+00 4.753673687165140826e-01
4.790924571112255670e+00 4.281183275617984618e-01
4.797207630427470448e+00 4.658775149280053873e-01
4.803491281906666188e+00 3.926980896724825421e-01
4.809774797188141271e+00 4.167022497271211656e-01
4.816055012942697999e+00 3.784824738011687839e-01
4.822335756210613056e+00 3.594720777868671835e-01
4.828618372965728156e+00 3.657116088007643095e-01
4.834902420031529147e+00 3.242672810762771141e-01
4.841185408631580422e+00 3.472907849226944399e-01
4.847466912745727718e+00 3.115173893921833748e-01
4.853753607692918415e+00 3.072104464901425636e-01
4.860040654770696023e+00 3.011182608751140632e-01
4.866322071713594433e+00 2.748177239818019313e-01
4.872604241020684235e+00 2.923279868995274922e-01
4.878889019589767173e+00 2.624364738399246333e-01
4.885169833709484877e+00 2.649036107674872520e-01
4.891451276335970988e+00 2.529192677944983592e-01
4.897735676523086390e+00 2.406190326009003400e-01
4.904020888466774863e+00 2.446270872326740120e-01
4.910302466098539043e+00 2.252392598464177664e-01
4.916582728670469749e+00 2.314482135192756640e-01
4.922870405746558653e+00 2.184016999366118206e-01
4.929152603204811633e+00 2.139929260678468115e-01
4.935433400905724355e+00 2.121006831081420629e-01
4.941720002621369012e+00 1.976582968210012226e-01
4.948000629162284447e+00 2.053481993676712358e-01
4.954284600437537378e+00 1.924345891162468625e-01
4.960568964118362345e+00 1.917835420306711891e-01
4.966849452054189484e+00 1.867426315465106068e-01
4.973133312553746244e+00 1.802159498487907463e-01
4.979416667731975110e+00 1.833623184091073000e-01
4.985701847394269137e+00 1.731066520372184503e-01
4.991986126907685062e+00 1.745320398160295772e-01
4.998266089552569014e+00 1.705293935163251784e-01
5.004548850075229538e+00 1.662490717092091619e-01
5.010834613416704109e+00 1.665463317158149825e-01
5.017114133618883365e+00 1.591692757023377147e-01
5.023396754503464123e+00 1.633328343542734817e-01
5.029682555385535103e+00 1.575790403622794600e-01
5.035962952494468681e+00 1.559102955472857210e-01
5.042248916723991670e+00 1.560097655077997414e-01
5.048534518437475249e+00 1.518283908318891207e-01
5.054817055058077102e+00 1.543757741553054008e-01
5.061103124450734292e+00 1.483492300540286690e-01
5.067385418511126005e+00 1.514010815835099832e-01
5.073665350133166108e+00 1.496243341336703780e-01
5.079944158568527435e+00 1.463823631775333090e-01
5.086229157971559722e+00 1.476704953377256380e-01
5.092516081670024342e+00 1.461434844851252357e-01
5.098799062815714933e+00 1.488339826683564848e-01
5.105081564999609967e+00 1.459249078613330808e-01
5.111362075909486435e+00 1.458778120808887635e-01
5.117646708276604173e+00 1.483116391097875353e-01
5.123931579419740423e+00 1.456787226409526348e-01
5.130214175713612157e+00 1.480486451672977932e-01
5.136495802354272833e+00 1.486403711992986820e-01
5.142780182582010973e+00 1.509085245391707797e-01
5.149064547742418618e+00 1.502775934092728805e-01
5.155344632471284605e+00 1.490875874614175645e-01
5.161628512901673460e+00 1.563589313748968979e-01
5.167914708882204167e+00 1.549747927256738544e-01
5.174198770587969065e+00 1.560803071179512891e-01
5.180481984271699147e+00 1.568591724512029550e-01
5.186765863297754464e+00 1.633084400112166656e-01
5.193047702705746893e+00 1.648669495243152427e-01
5.199327701301567295e+00 1.643340087129906701e-01
5.205610051315074038e+00 1.687896155423867506e-01
5.211893783792568513e+00 1.744253164773690856e-01
5.218178654991308285e+00 1.770532653992598904e-01
5.224460565579556182e+00 1.766900691436558146e-01
5.230741351715697540e+00 1.852191332614534225e-01
5.237027120177700112e+00 1.925437669832330279e-01
5.243314739467697549e+00 1.924893742138300001e-01
5.249595278023606149e+00 1.939267526430488442e-01
5.255875849079584938e+00 2.097021384830342616e-01
5.262158673469957471e+00 2.122388490541912143e-01
5.268439395112831214e+00 2.146288902600308468e-01
5.274722108206590931e+00 2.186017064758541961e-01
5.281007345641278938e+00 2.375782763961415411e-01
5.287293380248259567e+00 2.409087692219552546e-01
5.293576735145029133e+00 2.422698891174871749e-01
5.299860851423467523e+00 2.542893875433863693e-01
5.306144493245258609e+00 2.757809575520202561e-01
5.312427159026070100e+00 2.793398152888534325e-01
5.318710177455853838e+00 2.749226611670163023e-01
5.324993165098304893e+00 3.091822481607993112e-01
5.331278074387978627e+00 3.251710875328633898e-01
5.337561778582737837e+00 3.275839236452462999e-01
5.343844392417137712e+00 3.243692919982781864e-01
5.350127046241198059e+00 3.770693095291954844e-01
5.356410632573585850e+00 3.897265327715689898e-01
5.362696075374680404e+00 3.916852207545171161e-01
5.368977622023428431e+00 3.991263002828212558e-01
5.375259264787404234e+00 4.657987635273153626e-01
5.381542175673222239e+00 4.857214021963933148e-01
5.387824976115930475e+00 4.662719458441215159e-01
5.394108529100064331e+00 5.221018438337495793e-01
5.400390002504265929e+00 5.945422307278540597e-01
5.406673750202084960e+00 5.989091402992272606e-01
5.412955699794467890e+00 5.544571079733024987e-01
5.419237955148318520e+00 6.994675226109623445e-01
5.425523090525197212e+00 7.671176253019178493e-01
5.431805715860540396e+00 7.799737263746678861e-01
5.438090831113179924e+00 6.929108800533452239e-01
5.444374481405862554e+00 9.784889490962633829e-01
5.450656385985535479e+00 1.044786967498000152e+00
5.456941012042004324e+00 1.051578476602658352e+00
5.463223574256159232e+00 9.725219208921810354e-01
5.469506233746614043e+00 1.376073640765696826e+00
5.475791313392783799e+00 1.466272984624974018e+00
5.482076520806099751e+00 1.373383466409835441e+00
5.488361758921633360e+00 1.445818531903944049e+00
5.494642978338553085e+00 2.051486957755321860e+00
5.500922328851260090e+00 2.294765336737181638e+00
5.507204020884158169e+00 1.650399348259992127e+00
5.513487086383534574e+00 2.718143157438061230e+00
5.519772673170036725e+00 3.331871170482909594e+00
5.526055063335959083e+00 3.554281678477559492e+00
5.532333106276354329e+00 2.504573992875464672e+00
5.538615491667449930e+00 4.749675814769181770e+00
5.544903720115636148e+00 5.901981930311968938e+00
5.551187288815954801e+00 7.091367156427817342e+00
5.557470531467981090e+00 4.309271208570328859e+00
5.563755611658447897e+00 8.041230984274520210e+00
5.570037554875349350e+00 1.272121656439593380e+03
5.576319117887759802e+00 7.533497396824678560e+00
5.582602002155147680e+00 5.013262057391456139e+00
5.588888631490213754e+00 8.046950925265093701e+00
5.595175275496153233e+00 6.462990547195894386e+00
5.601458712915984961e+00 3.001902950905548817e+00
5.607739290868620330e+00 4.967834131812327136e+00
5.614020862542647983e+00 4.149029048517975049e+00
5.620301751604071860e+00 3.484419027735227381e+00
5.626585003660349749e+00 1.960092059245538643e+00
5.632870193703824135e+00 3.022786285688483510e+00
5.639149634200363970e+00 2.575729374581039455e+00
5.645432108629827361e+00 2.003089352254515898e+00
5.651717488754057328e+00 1.524271049352218688e+00
5.658002094958268557e+00 1.891575859729603293e+00
5.664286976960462461e+00 1.614270514373312260e+00
5.670566925585673879e+00 1.175419805614396740e+00
5.676852042208761162e+00 1.300777186147287212e+00
5.683137388589912575e+00 1.296265803808635653e+00
5.689418158699685257e+00 1.122998771877746549e+00
5.695702068056029077e+00 8.528397564547756105e-01
5.701985967982890813e+00 1.069361403842315594e+00
5.708271056387263620e+00 9.467669674894740872e-01
5.714552979709825564e+00 8.111536528198539653e-01
5.720831601415190093e+00 7.108665336827921788e-01
5.727115355927898221e+00 7.953944971935452690e-01
5.733398957275753105e+00 7.158122829793448494e-01
5.739684091351107575e+00 6.062384677980071634e-01
5.745967659604392708e+00 6.101375634391030811e-01
5.752250391047120992e+00 6.114065426666421832e-01
5.758534671789668380e+00 5.587087451023455831e-01
5.764815058099513223e+00 4.798381188773021000e-01
5.771097431484660589e+00 5.281210448957348591e-01
5.777380386878713026e+00 4.920117371948077856e-01
5.783664936364128373e+00 4.494497722402491791e-01
5.789947151929451863e+00 4.098979596239310519e-01
5.796231493774793186e+00 4.349967710063457060e-01
5.802516691340624533e+00 4.050310231757582868e-01
5.808797995112186641e+00 3.707016683835935300e-01
5.815082184083208539e+00 3.608890835279465747e-01
5.821365271507954020e+00 3.663976414661096470e-01
5.827645525290467532e+00 3.398707223595771598e-01
5.833928171908906890e+00 3.124233493993915367e-01
5.840215967589452717e+00 3.192785001945970813e-01
5.846501812893647454e+00 3.109844348355238486e-01
5.852781909673957728e+00 2.916592768723673124e-01
5.859063783293738226e+00 2.717891620018124121e-01
5.865349571500913406e+00 2.839426148173775921e-01
5.871632939480924129e+00 2.693307155674499187e-01
5.877914823986006176e+00 2.545967079947529799e-01
5.884196626054889023e+00 2.479587718594038204e-01
5.890479074317132913e+00 2.523628301018629450e-01
5.896763574100915228e+00 2.382759521804543035e-01
5.903046036848450306e+00 2.270183402056224486e-01
5.909328377713869429e+00 2.262010275004508741e-01
5.915613028288355224e+00 2.251797796979876920e-01
5.921894409622731281e+00 2.150760211868822935e-01
5.928177134794152536e+00 2.078973644045015445e-01
5.934464774883918992e+00 2.102755807996284920e-01
5.940751250578068188e+00 2.054563246181785874e-01
5.947033452245725549e+00 1.987225232149281151e-01
5.953312775740306151e+00 1.917247984523409443e-01
5.959594106507988265e+00 1.952575744570522187e-01
5.965876424548630652e+00 1.906549934714153460e-01
5.972161112468720390e+00 1.856137890012760916e-01
5.978446099492319199e+00 1.828514829853438717e-01
5.984727467931779010e+00 1.842195729786636760e-01
5.991012985181142447e+00 1.790431480955398669e-01
5.997297612744741713e+00 1.761589066038914964e-01
6.003577416164464609e+00 1.762252491195007986e-01
6.009860806138807909e+00 1.754263760113151660e-01
6.016144510375737831e+00 1.738774753057456268e-01
6.022426254013592661e+00 1.709885372788478852e-01
6.028706803290871719e+00 1.728703968474053776e-01
6.034987951204773715e+00 1.712978461165545752e-01
6.041274067685003857e+00 1.688410789407966961e-01
6.047558134944117647e+00 1.688624152190556782e-01
6.053840825089524813e+00 1.708574185737883611e-01
6.060125328398456190e+00 1.704576748120152918e-01
6.066409969294784155e+00 1.693779506116933897e-01
6.072694327029352301e+00 1.695673125665062009e-01
6.078974651295977694e+00 1.716269983091966156e-01
6.085257277597498238e+00 1.715252398863702787e-01
6.091541245232643398e+00 1.725400654505276354e-01
6.097826243439735450e+00 1.746091611581317982e-01
6.104111770776667889e+00 1.758291653462512594e-01
6.110396747466277034e+00 1.768396633804747431e-01
6.116679071538609236e+00 1.766551134424272362e-01
6.122958529493147672e+00 1.815794411312522116e-01
6.129240445810509641e+00 1.819234051605413127e-01
6.135524780557309654e+00 1.849845349102419156e-01
6.141807474577858805e+00 1.866741439012248316e-01
6.148089386189230510e+00 1.916458460787241747e-01
6.154375713159891070e+00 1.952520342694406552e-01
6.160661139581105950e+00 1.998295167707381803e-01
6.166941022971138331e+00 2.007083836734248616e-01
6.173222562097184785e+00 2.059826146347060460e-01
6.179507647741183440e+00 2.119956804915494319e-01
6.185789356936125749e+00 2.153048945568128425e-01
6.192072249861043431e+00 2.196348177834069326e-01
6.198356783359496802e+00 2.268394282489805958e-01
6.204641274559973496e+00 2.342598852410085752e-01
6.210924271106035732e+00 2.396765430348422876e-01
6.217206768102415460e+00 2.464127696720694594e-01
6.223486202302879633e+00 2.524887772848379286e-01
6.229767722260432627e+00 2.637474908304494048e-01
6.236054214854060085e+00 2.687574283926371654e-01
6.242340046436461343e+00 2.771432835243763937e-01
6.248623268972994360e+00 2.906970389911297525e-01
6.254906079998900026e+00 2.959771763092846619e-01
6.261190798611801611e+00 3.104062046221556237e-01
6.267470893840453527e+00 3.259520139458225163e-01
6.273752395561465356e+00 3.405032939805182068e-01
6.280038415116336203e+00 3.584847589461958584e-01
6.286322359143823313e+00 3.685472513298221342e-01
6.292605930180390494e+00 3.820178312616221983e-01
6.298890629102372074e+00 3.951024736134858828e-01
6.305171573266470375e+00 4.231316259293978477e-01
6.311455101240412091e+00 4.332336753794556183e-01
6.317739752668598996e+00 4.674910057994032808e-01
6.324019791664828638e+00 4.817005491089066394e-01
6.330300090404453961e+00 5.173857214216315281e-01
6.336582976227302488e+00 5.454157119489072558e-01
6.342866512790590328e+00 5.605408617556846274e-01
6.349149664171966911e+00 5.936332784730794510e-01
6.355436214245748339e+00 6.524893951624624044e-01
6.361722100221464338e+00 6.648951569351218005e-01
6.368004157429771439e+00 7.373942246135197776e-01
6.374285543992137093e+00 7.556234573047215797e-01
6.380569360201161722e+00 7.921461807631624552e-01
6.386853196179592906e+00 8.351378807476124155e-01
6.393134053012607509e+00 9.532623915472500098e-01
6.399418824019404539e+00 9.742066902832315911e-01
6.405704396360532904e+00 9.874659334640349950e-01
6.411984928491945013e+00 1.000713090181388543e+00
6.418265745466296579e+00 1.146050199391245306e+00
6.424549958658937854e+00 1.097033278011797730e+00
6.430834939158401653e+00 1.079135089340961029e+00
