8.899641653093008295e-03 3.416018559382512088e+00
1.539332528288165670e-02 4.011416965060763395e+00
2.155046762996598239e-02 3.866091678017063771e+00
2.783660762585126597e-02 3.404986259264823900e+00
3.439928854529101382e-02 2.870146237886868956e+00
4.083988908678293228e-02 2.429101705551147461e+00
4.696089820801348236e-02 2.127692446501358692e+00
5.319831544433587661e-02 1.925708225795200734e+00
5.953007160048735813e-02 1.781545645730537419e+00
6.593106050382960270e-02 1.655452189412150332e+00
7.211112823241795644e-02 1.526259984725560903e+00
7.840743265709380905e-02 1.372854896050773377e+00
8.486374147573563786e-02 1.206175715367474366e+00
9.105720993371453631e-02 1.060769942229763396e+00
9.723119438183111529e-02 9.382075275358606747e-01
1.035474523099094157e-01 8.390045798410671329e-01
1.098380096325790867e-01 7.558988498487383412e-01
1.160878800454857029e-01 6.850415593402613412e-01
1.223769048302436324e-01 6.246449555775728246e-01
1.287591547856025143e-01 5.708668140978140348e-01
1.350589943281513827e-01 5.248184498672779918e-01
1.412290290659165837e-01 4.852063093480689648e-01
1.475161690700088069e-01 4.497500166933760535e-01
1.537996369822966225e-01 4.173753838572685781e-01
1.601026478659483554e-01 3.889747049564334924e-01
1.664508001660549019e-01 3.636025038107579266e-01
1.727583237560037233e-01 3.401740430776378221e-01
1.790245845132147351e-01 3.195830584534528618e-01
1.852702546080971790e-01 3.007473293429718253e-01
1.914887492119529966e-01 2.839767321497465025e-01
1.977904085892937536e-01 2.681532823639729002e-01
2.041115446406587541e-01 2.537587429688685781e-01
2.104256850836569714e-01 2.403574732730262842e-01
2.167058561960866769e-01 2.281388064142406691e-01
2.229761248051159717e-01 2.170528169845166166e-01
2.292828550697881274e-01 2.064856053195497088e-01
2.355310205895554676e-01 1.969357014629560809e-01
2.418144967727207939e-01 1.880351932686532279e-01
2.481043196360692704e-01 1.797465070992229907e-01
2.543667409246888611e-01 1.720908569121486487e-01
2.606678092543103231e-01 1.648426933855217380e-01
2.669430136113040697e-01 1.577438486209063739e-01
2.732519464783976226e-01 1.514621434465943939e-01
2.795627339315375770e-01 1.455833601316585957e-01
2.858373502475139438e-01 1.399320554652692394e-01
2.920953075698756729e-01 1.346961547551769334e-01
2.983525092968341563e-01 1.296373668611091601e-01
3.046702740008471189e-01 1.249602083982008088e-01
3.109590627528140416e-01 1.204963232488645147e-01
3.172239916515500191e-01 1.162654303007260581e-01
3.235299724572279767e-01 1.123223862860583955e-01
3.298388395071043533e-01 1.085698004008431999e-01
3.361383844359337458e-01 1.049047621024939286e-01
3.423877713306480719e-01 1.015914593044025677e-01
3.486623155692267217e-01 9.844126899121544150e-02
3.549448882949312045e-01 9.526445147753802301e-02
3.611996781549324798e-01 9.234162852658063525e-02
3.674875026172954029e-01 8.951072064966421327e-02
3.737698636248200090e-01 8.687827708057610510e-02
3.800714314497639634e-01 8.427639685681966031e-02
3.863585763589229560e-01 8.191051720382699908e-02
3.926354401118986037e-01 7.951335955167417036e-02
3.989457585494922132e-01 7.728259128983645809e-02
4.052156663313305485e-01 7.510085524902154752e-02
4.115034152883392804e-01 7.310817678656220120e-02
4.177905076349040514e-01 7.108738730984605347e-02
4.240487051047501788e-01 6.920917315667450553e-02
4.303463415118498614e-01 6.732540943008051559e-02
4.366358695421740932e-01 6.568339199820137642e-02
4.429029287921816826e-01 6.397458334002506519e-02
4.491680252572889942e-01 6.242277067556669529e-02
4.554486850820457788e-01 6.082283996393502562e-02
4.617725565885423267e-01 5.929772933972814186e-02
4.680757412093953795e-01 5.786302898617494417e-02
4.743564916629640638e-01 5.647789055453898699e-02
4.806425428564732871e-01 5.510015134651174290e-02
4.869129233098823395e-01 5.380053882525527575e-02
4.931745196394184405e-01 5.257327346566301185e-02
4.994506890543656263e-01 5.138128771218892360e-02
5.057241638978529075e-01 5.018300066287762623e-02
5.120042719980517631e-01 4.904777907905054357e-02
5.183192340646139984e-01 4.793537999894156160e-02
5.246161892892522438e-01 4.694315538919329595e-02
5.308869673046785476e-01 4.583894940592812134e-02
5.371637224096752483e-01 4.484275633304972419e-02
5.434652729571635144e-01 4.392264159439670385e-02
5.497524178004593587e-01 4.298968430460396728e-02
5.559970921381958142e-01 4.203091779621316582e-02
5.622866379023159222e-01 4.117421776163845970e-02
5.686033203527380842e-01 4.025745788700024752e-02
5.748823709563090079e-01 3.941219117562955870e-02
5.811585199734176088e-01 3.863804008190023509e-02
5.874446517276211699e-01 3.786054133795502957e-02
5.937246335834056588e-01 3.708593554816460441e-02
6.000023445208265693e-01 3.633110276096361557e-02
6.062700655927123483e-01 3.559117876727570934e-02
6.125564878198721530e-01 3.493298723260753608e-02
6.188675697062213654e-01 3.424978134368242971e-02
6.251436203714340056e-01 3.356092598434879531e-02
6.314092032308914471e-01 3.291552069024047261e-02
6.377070744462735030e-01 3.227633579203886827e-02
6.439915699782213787e-01 3.166029832730620636e-02
6.502746657481665027e-01 3.101532104038273382e-02
6.565654463687421449e-01 3.048384107387614589e-02
6.628457378217490481e-01 2.987654442559715268e-02
6.691273712706959920e-01 2.929150670709846846e-02
6.754135024521100705e-01 2.875078682484885281e-02
6.816942288653291548e-01 2.821853298020532766e-02
6.879707219643064198e-01 2.771154056655211056e-02
6.942401964891569133e-01 2.717432297010233602e-02
7.005213539313046578e-01 2.668839969565942397e-02
7.068163049835881617e-01 2.619087499842446057e-02
7.131046379544038194e-01 2.571743995715259495e-02
7.193979933183044517e-01 2.525535913514212819e-02
7.256912769458278012e-01 2.480369160193523353e-02
7.319732112087881104e-01 2.438538775609344969e-02
7.382575498732680819e-01 2.388603631520768572e-02
7.445309219837563663e-01 2.347566842085794733e-02
7.507908721544984676e-01 2.304566000918593927e-02
7.570762748651901353e-01 2.267545640281290811e-02
7.633652442780797243e-01 2.223791277711381631e-02
7.696523768503739094e-01 2.184343688795739244e-02
7.759443911184177312e-01 2.146818407133036302e-02
7.822388793759307291e-01 2.107923728249517376e-02
7.885422505712965657e-01 2.072867312209743587e-02
7.947958170677573708e-01 2.035167851591651936e-02
8.010501857211035359e-01 2.000414473620027236e-02
8.073371699120777123e-01 1.964146840217727633e-02
8.136256953004623593e-01 1.930490172824073092e-02
8.199185768310989220e-01 1.896472657639265702e-02
8.261975950269245805e-01 1.863709498474431722e-02
8.324916626456120294e-01 1.831710561652426586e-02
8.387980487119468531e-01 1.796818479339342897e-02
8.450681625339854230e-01 1.769047293658030859e-02
8.513326310877129544e-01 1.735954319351538933e-02
8.576229699198910650e-01 1.707173197692133867e-02
8.639079722665760075e-01 1.676624477819543824e-02
8.701845317394016899e-01 1.648892906476120621e-02
8.764647451447489246e-01 1.619039689269989937e-02
8.827524554796379874e-01 1.591698509783239304e-02
8.890360933084631156e-01 1.565433719247881841e-02
8.953122302139767674e-01 1.539007750586037122e-02
9.015989135410911182e-01 1.509554459066087331e-02
9.078856597069530077e-01 1.485297710641049831e-02
9.141777176955673267e-01 1.459246152328726176e-02
9.204705311210197305e-01 1.432573142157118201e-02
9.267502199878263625e-01 1.408258562142554633e-02
9.330346272813238029e-01 1.384026173677585167e-02
9.393297286529698198e-01 1.361330826800979076e-02
9.456020466528652912e-01 1.337370171049235071e-02
9.518687891863797379e-01 1.312496964085969539e-02
9.581418737840891042e-01 1.291840906424330214e-02
9.644369887048810375e-01 1.269699961407470129e-02
9.707375181351720617e-01 1.244735281703116501e-02
9.770097663529486720e-01 1.224926493359645117e-02
9.832835755838400527e-01 1.203431536203167750e-02
9.895569992810110405e-01 1.181922326323514745e-02
9.958480710782616763e-01 1.160638646856298334e-02
1.002138575493429995e+00 1.141315883683501238e-02
1.008406592376542843e+00 1.121411832398783344e-02
1.014697842972237973e+00 1.101870592770526000e-02
1.020995892874764666e+00 1.081542571711205901e-02
1.027276368069287793e+00 1.062585282587499326e-02
1.033563189136701643e+00 1.045000158085117141e-02
1.039851148620366539e+00 1.026437065561223126e-02
1.046127943161246687e+00 1.008015854673542828e-02
1.052404895272092133e+00 9.893876665076456814e-03
1.058683000430492127e+00 9.720885249107720852e-03
1.064967127327474117e+00 9.541229340281606741e-03
1.071258688161570438e+00 9.375573600080767955e-03
1.077544330604543799e+00 9.216302654487966428e-03
1.083828423436568711e+00 9.044522445750196454e-03
1.090113342297217791e+00 8.874206817509061249e-03
1.096393171946581147e+00 8.714079465291704046e-03
1.102683425690332397e+00 8.559792534556473834e-03
1.108964675464843452e+00 8.403449931851537241e-03
1.115226705913353378e+00 8.256820418199554631e-03
1.121503167812783808e+00 8.105756454728734253e-03
1.127793382225193985e+00 7.957955816916429531e-03
1.134092036465484288e+00 7.808996694441870667e-03
1.140366923395659482e+00 7.675281731720986697e-03
1.146641931784804447e+00 7.523564644808784438e-03
1.152944617322677390e+00 7.386874924044065961e-03
1.159230356871362666e+00 7.251114941245552330e-03
1.165510994903905084e+00 7.114501795280317800e-03
1.171794297100004156e+00 6.984420811478951607e-03
1.178088255559602393e+00 6.849636404662596059e-03
1.184371772446566995e+00 6.724704493723660664e-03
1.190639487122887363e+00 6.596485052517266599e-03
1.196916336380001056e+00 6.471030089298886005e-03
1.203204375371396573e+00 6.350023867097642598e-03
1.209488225901738323e+00 6.237920739184093372e-03
1.215765679709200020e+00 6.109022163562691579e-03
1.222058041744503942e+00 6.002161108470208291e-03
1.228350115998196657e+00 5.877936936035512393e-03
1.234637679107109420e+00 5.769434724167510180e-03
1.240908145406735441e+00 5.655497348243037486e-03
1.247180835746598104e+00 5.558051205213659918e-03
1.253468531500335770e+00 5.434343524641525869e-03
1.259751636995439350e+00 5.334751287596888568e-03
1.266035077425267108e+00 5.227990640891509201e-03
1.272321570618527797e+00 5.125646948696240685e-03
1.278608208280544778e+00 5.035711356523448791e-03
1.284887298154571367e+00 4.919549517979124494e-03
1.291176964274221017e+00 4.836204982565985369e-03
1.297469848393144831e+00 4.736041592987005715e-03
1.303745183221867832e+00 4.639835859826362159e-03
1.310019952103037566e+00 4.545591555701168109e-03
1.316304889985511428e+00 4.459347712878309992e-03
1.322589692250816240e+00 4.372450731721399565e-03
1.328868076233011619e+00 4.281944942381633000e-03
1.335146302472670188e+00 4.190511684962031601e-03
1.341442338921303268e+00 4.109543446207097536e-03
1.347732504022160827e+00 4.022118215733083181e-03
1.354002360904259961e+00 3.940838186706108366e-03
1.360285090555885645e+00 3.860570457990931004e-03
1.366569991348876023e+00 3.784218755132253385e-03
1.372854357884312648e+00 3.704914068295931968e-03
1.379136732473180915e+00 3.624305048901352560e-03
1.385410660878153122e+00 3.556754956857389408e-03
1.391699780091347760e+00 3.477623242108458280e-03
1.397986514487977949e+00 3.404502775463313143e-03
1.404269431125305445e+00 3.336646525980816163e-03
1.410558481592738334e+00 3.264834607534162179e-03
1.416841921169897933e+00 3.195880492416770455e-03
1.423120638450376285e+00 3.128840030881865127e-03
1.429399525711986918e+00 3.064880525579948348e-03
1.435687195920436032e+00 2.996187031918857730e-03
1.441978909597384506e+00 2.932585942277539121e-03
1.448256353182435952e+00 2.867938185955721305e-03
1.454533979889224504e+00 2.808252359635166496e-03
1.460823291195719742e+00 2.750735503442851022e-03
1.467115297699349785e+00 2.688939831966354315e-03
1.473396431849603117e+00 2.628171565944348569e-03
1.479672187129404293e+00 2.568748582966082997e-03
1.485957336950811003e+00 2.519964251977156993e-03
1.492235428844137068e+00 2.461585865256226118e-03
1.498505563158792242e+00 2.406921704514714596e-03
1.504788033368229971e+00 2.357318494195328063e-03
1.511077562324459223e+00 2.304172472788250121e-03
1.517363063341846008e+00 2.249174400450059015e-03
1.523653270341324806e+00 2.204577642756559448e-03
1.529942912799504340e+00 2.154984027912849529e-03
1.536231829420274808e+00 2.106997044332427262e-03
1.542513327069792606e+00 2.057848380045634428e-03
1.548785556440221534e+00 2.012675963691146642e-03
1.555073465503286512e+00 1.971537806018495206e-03
1.561358245907146003e+00 1.921916370837866567e-03
1.567631451431686029e+00 1.882813347088892674e-03
1.573918013544226335e+00 1.837329791008495425e-03
1.580207648268701970e+00 1.797649811857300042e-03
1.586489494063065386e+00 1.755865545116516930e-03
1.592763080732128689e+00 1.718539846304429361e-03
1.599049662621118140e+00 1.679533123196835960e-03
1.605345053337696948e+00 1.640124500313843922e-03
1.611620459129566862e+00 1.602694282275644042e-03
1.617898365736541777e+00 1.567876338300506480e-03
1.624184845436249969e+00 1.531248853977227936e-03
1.630466505740439054e+00 1.497197241053788066e-03
1.636751035144561328e+00 1.463661758838286911e-03
1.643032775792161226e+00 1.428784361636390972e-03
1.649311205731157637e+00 1.397973285371832772e-03
1.655595559618384449e+00 1.366530809405998737e-03
1.661881635856505390e+00 1.333617461810484000e-03
1.668171353955333336e+00 1.307511751338639658e-03
1.674453350850270361e+00 1.274017681377748396e-03
1.680725924646356395e+00 1.245885743343647881e-03
1.687014542692673036e+00 1.219364499152225103e-03
1.693310190593907416e+00 1.191903610199941807e-03
1.699585582287156615e+00 1.166382381250191235e-03
1.705866511081394421e+00 1.138381648653699271e-03
1.712160676675390514e+00 1.113953210073796241e-03
1.718444821026641867e+00 1.092531437617245277e-03
1.724722780324677629e+00 1.066921378782118056e-03
1.730998407906060743e+00 1.043880884702488420e-03
1.737287228726877686e+00 1.021962608837121084e-03
1.743568303176275425e+00 9.998318771389810931e-04
1.749841689593745420e+00 9.807808003682967016e-04
1.756129388522271517e+00 9.584117264658529103e-04
1.762415116633644363e+00 9.414451962002267022e-04
1.768698244482999726e+00 9.209795236515733218e-04
1.774980086402522028e+00 9.032856919613878018e-04
1.781265981096536777e+00 8.871858345415837037e-04
1.787550624457374449e+00 8.701693754762846768e-04
1.793835833491845833e+00 8.532171016084760546e-04
1.800117311233924822e+00 8.399871840371264057e-04
1.806395490080128896e+00 8.259847095617577507e-04
1.812674669631440416e+00 8.139896638195211502e-04
1.818957879507353992e+00 7.991786614835904483e-04
1.825245306758315422e+00 7.878304832152728055e-04
1.831528271693480647e+00 7.791344299709116426e-04
1.837812827050599118e+00 7.689122591626925676e-04
1.844103367940866489e+00 7.590332931183188915e-04
1.850386948924649388e+00 7.506871733973639492e-04
1.856666935595761014e+00 7.437566166382747696e-04
1.862948995952047992e+00 7.366540374809260215e-04
1.869230662203537285e+00 7.304009137468415102e-04
1.875518523852231834e+00 7.269540948024780756e-04
1.881801828956604083e+00 7.226202114837679876e-04
1.888079605905484737e+00 7.197630098330086478e-04
1.894354917179238207e+00 7.175617467230739144e-04
1.900643508338552223e+00 7.165731280590441343e-04
1.906933681097740418e+00 7.170497015795928002e-04
1.913208537729330194e+00 7.165331107786642286e-04
1.919491876081842907e+00 7.216413208649907979e-04
1.925778583551117418e+00 7.248594350691876060e-04
1.932066442879381896e+00 7.273674227278114452e-04
1.938345779800252577e+00 7.344514388043141793e-04
1.944621163117130624e+00 7.392313315164318437e-04
1.950906419736068598e+00 7.461715248028623088e-04
1.957194922928259695e+00 7.555155697638735656e-04
1.963480698366232735e+00 7.654623081972406883e-04
1.969761129083444473e+00 7.803047349529423655e-04
1.976050304691988391e+00 7.878618562507522108e-04
1.982339908457910083e+00 8.035673163141355147e-04
1.988618349245825812e+00 8.186973210137911362e-04
1.994897766502643721e+00 8.351359692855564194e-04
2.001180771161680028e+00 8.524172666078849193e-04
2.007460336186321026e+00 8.717436782599598255e-04
2.013738753216055777e+00 8.941111687731321395e-04
2.020018986124832772e+00 9.179763057880615737e-04
2.026310836118350167e+00 9.403588641262541382e-04
2.032601207862052561e+00 9.688926663669714286e-04
2.038875504895327317e+00 9.959615122649360507e-04
2.045155551699306962e+00 1.019408079658045644e-03
2.051445731990026999e+00 1.052194231325266453e-03
2.057731375213294633e+00 1.083839675629596393e-03
2.064016423384301913e+00 1.124282179203951694e-03
2.070302827783211619e+00 1.148392960952716955e-03
2.076590615358942848e+00 1.195189541428118849e-03
2.082865814675600280e+00 1.229978743795438279e-03
2.089135078390696343e+00 1.272469167089805998e-03
2.095424699602885799e+00 1.316385806892550166e-03
2.101708259047597949e+00 1.364276982486891743e-03
2.107987807301212158e+00 1.404611632352801035e-03
2.114274337075186416e+00 1.456977677112542393e-03
2.120555211422834319e+00 1.517270098113997646e-03
2.126838540980260372e+00 1.555734400207733513e-03
2.133123767198004117e+00 1.624682563123678019e-03
2.139413031894335848e+00 1.677255251257588195e-03
2.145698041890389263e+00 1.743337512122076051e-03
2.151974340624452253e+00 1.816089483132298172e-03
2.158260630891077003e+00 1.863268703074129687e-03
2.164546658731809625e+00 1.949687999087191311e-03
2.170832823837292480e+00 2.011073078490518713e-03
2.177115967197242430e+00 2.097614108783296856e-03
2.183389032615354441e+00 2.168483659572466218e-03
2.189670975244353279e+00 2.245080709475812293e-03
2.195960831894089527e+00 2.336036318120631502e-03
2.202245817416866203e+00 2.414951090623461243e-03
2.208524601220368755e+00 2.511113694837652406e-03
2.214805589383115780e+00 2.598006827284219788e-03
2.221093631642824917e+00 2.701525376527855963e-03
2.227374275520719316e+00 2.802864184111424420e-03
2.233658333286540287e+00 2.894669781525694308e-03
2.239946072329966231e+00 3.008046231604511074e-03
2.246226850917138140e+00 3.100976589735013941e-03
2.252506781988718565e+00 3.228768640324033296e-03
2.258783643789477491e+00 3.340263339228551932e-03
2.265069381259946724e+00 3.445406442515563505e-03
2.271351266578538919e+00 3.577604924010662109e-03
2.277635010148555850e+00 3.708690969880439146e-03
2.283922963308533394e+00 3.863039368833234757e-03
2.290204538958168001e+00 3.973684014486323496e-03
2.296492854789115245e+00 4.116409032437606981e-03
2.302773836462560286e+00 4.271146886215715366e-03
2.309052848528886148e+00 4.414953274440228462e-03
2.315340397783157922e+00 4.568779486017179869e-03
2.321629550362612981e+00 4.713290981263067517e-03
2.327914834812394584e+00 4.892384096649533484e-03
2.334189028016975698e+00 5.048232081020529415e-03
2.340468735514670495e+00 5.241841349897047656e-03
2.346757573269963704e+00 5.391877633259835843e-03
2.353046701279460251e+00 5.587181007590743230e-03
2.359329919851476554e+00 5.784720766049319604e-03
2.365603805485394950e+00 6.001711420710703106e-03
2.371887442159951398e+00 6.150471903270703262e-03
2.378175480496420580e+00 6.372482544510558664e-03
2.384455602231496218e+00 6.566384144237404769e-03
2.390737631861327372e+00 6.781229165279690704e-03
2.397015688929587718e+00 7.015616010942735993e-03
2.403297559533717376e+00 7.252979053046809677e-03
2.409586419743307228e+00 7.488719950844351624e-03
2.415875314660682172e+00 7.704884551521032354e-03
2.422164535679191655e+00 7.920792107140143395e-03
2.428442137972055104e+00 8.229053319960230248e-03
2.434719213815070837e+00 8.452995478675682031e-03
2.441002915255427563e+00 8.706370426962864104e-03
2.447292244015294216e+00 9.017495413326746465e-03
2.453574548397714494e+00 9.338082598920910415e-03
2.459853950840888093e+00 9.566907599567672782e-03
2.466141393364139400e+00 9.846238629173874671e-03
2.472424340910468477e+00 1.015622609312978770e-02
2.478699559716526224e+00 1.047762691530905628e-02
2.484981956405843295e+00 1.083609590890890692e-02
2.491271774374293368e+00 1.106508721236055398e-02
2.497550925125272325e+00 1.147796459519414593e-02
2.503833126215876170e+00 1.179499213776475340e-02
2.510118697329297710e+00 1.216209077907738634e-02
2.516402124721602629e+00 1.255663210809178365e-02
2.522689938852853420e+00 1.291319175277146417e-02
2.528973288009538134e+00 1.331734214414451688e-02
2.535253600549877362e+00 1.371124586778019704e-02
2.541538941914911476e+00 1.412119901184083481e-02
2.547825021627405206e+00 1.448546886346802239e-02
2.554103008122937002e+00 1.502096914303754742e-02
2.560378237915397648e+00 1.531419083004942686e-02
2.566669017775174755e+00 1.581841571392977180e-02
2.572956571054420216e+00 1.626219183610280034e-02
2.579236104287966125e+00 1.679945678309781656e-02
2.585522655546601989e+00 1.725448270871791923e-02
2.591808172184224546e+00 1.782336104067147944e-02
2.598087543498381002e+00 1.819723841230320299e-02
2.604361437550918978e+00 1.885433158740723938e-02
2.610647591905687293e+00 1.929959614353742373e-02
2.616933270352379548e+00 1.978543185265976487e-02
2.623207934884185466e+00 2.062181052329732991e-02
2.629492944384940412e+00 2.104958558974924163e-02
2.635779602277390499e+00 2.176474691665693587e-02
2.642061794567720945e+00 2.231246584576566244e-02
2.648344685049869529e+00 2.305924508159227712e-02
2.654633852395646088e+00 2.367262239835549523e-02
2.660920832685793602e+00 2.451897402852281846e-02
2.667200003651473139e+00 2.525902753917443067e-02
2.673485665061926309e+00 2.586852913120079103e-02
2.679774189917022653e+00 2.661783909171058088e-02
2.686059197445316293e+00 2.725191449677856134e-02
2.692340742040600254e+00 2.821404273644691901e-02
2.698619785325931719e+00 2.896367778148557087e-02
2.704896067289608741e+00 2.989077556553635523e-02
2.711176296267862273e+00 3.073188111880340717e-02
2.717460477624493720e+00 3.154718567478398406e-02
2.723746785600710485e+00 3.262018601213771685e-02
2.730040839622854598e+00 3.342767399576260234e-02
2.736320462271965681e+00 3.442865827041653032e-02
2.742593167856604897e+00 3.571713928454749165e-02
2.748880654965284887e+00 3.672653697573576015e-02
2.755164406907204988e+00 3.808168653221387367e-02
2.761447966179410241e+00 3.909391368283603868e-02
2.767734949986044413e+00 4.021050486236590893e-02
2.774018204230510154e+00 4.120813571434987777e-02
2.780299459131881701e+00 4.267159122326259768e-02
2.786578380850841974e+00 4.436413279820804190e-02
2.792858749059577761e+00 4.533120869153146187e-02
2.799144688897090116e+00 4.705514360655055350e-02
2.805431744286055018e+00 4.862084602516728721e-02
2.811716466586489993e+00 4.998569525227437860e-02
2.817990514261363710e+00 5.203110108437403181e-02
2.824271178017407902e+00 5.300146592461183609e-02
2.830565310473360352e+00 5.488975605712368561e-02
2.836850361681537702e+00 5.708324507855570135e-02
2.843131259198828698e+00 5.939033106053185490e-02
2.849415373186487965e+00 6.160206583622044457e-02
2.855698064670956882e+00 6.297864038034380052e-02
2.861978975302818640e+00 6.544118853308282524e-02
2.868263635614905827e+00 6.732702637175329297e-02
2.874548572895146759e+00 7.032834388071795839e-02
2.880833509046437424e+00 7.312258975289845364e-02
2.887115914775806313e+00 7.498862557683480534e-02
2.893396211301912935e+00 7.849683592760685336e-02
2.899675259048415388e+00 8.117911182919856916e-02
2.905955807169823046e+00 8.388859872737113033e-02
2.912242784565592046e+00 8.750622443186020782e-02
2.918528489082492516e+00 9.127704685483281621e-02
2.924812236943901578e+00 9.481708727299960338e-02
2.931097264553834236e+00 9.835689145068705896e-02
2.937379046647154990e+00 1.038502426259282491e-01
2.943662417245681340e+00 1.079019874857446853e-01
2.949948997849719756e+00 1.122112896765253554e-01
2.956228453902073561e+00 1.176971813917911114e-01
2.962510840116227673e+00 1.228357806403843483e-01
2.968797192440125965e+00 1.284031054980202258e-01
2.975078489423049533e+00 1.337562306985483618e-01
2.981360447198230457e+00 1.406555239841653371e-01
2.987647323528414223e+00 1.495735749961490668e-01
2.993932064934300641e+00 1.546076167626852793e-01
3.000209551562139421e+00 1.630279278690175415e-01
3.006487470944601892e+00 1.695025173191137824e-01
3.012770586989486521e+00 1.807735092885941752e-01
3.019055028984091837e+00 1.914761542784057802e-01
3.025339593109035885e+00 2.002529459645908394e-01
3.031624651041083141e+00 2.145768438289946123e-01
3.037909525040372927e+00 2.254469701397492643e-01
3.044196264475506730e+00 2.414171211053323385e-01
3.050477886447245712e+00 2.596093501486144706e-01
3.056756711732924625e+00 2.752726793124686822e-01
3.063041213115731409e+00 2.950265465695079414e-01
3.069324013399330031e+00 3.193878813637950342e-01
3.075611272807551533e+00 3.355726663073591021e-01
3.081895489281643030e+00 3.614512960011662668e-01
3.088176199887292306e+00 3.984066040920927754e-01
3.094459112917897325e+00 4.221938616282614465e-01
3.100744234350492956e+00 4.738722806061024806e-01
3.107029324214496846e+00 5.135162134590124383e-01
3.113310425776543600e+00 5.685587432755742077e-01
3.119592029507459507e+00 6.039421084137185369e-01
3.125875559417674587e+00 6.734493902372451490e-01
3.132160147770352676e+00 7.297352948528700312e-01
3.138440210879888337e+00 8.753214353852662999e-01
3.144724491651683440e+00 9.471961065270649849e-01
3.151004924765398840e+00 1.112343943525557988e+00
3.157285342196649136e+00 1.211195289005579934e+00
3.163570603826113992e+00 1.362216305813875428e+00
3.169852350185627277e+00 1.557860567488032588e+00
3.176138770387999966e+00 1.808091158672614052e+00
3.182422419512343836e+00 1.989586947141718465e+00
3.188703671424619746e+00 2.364304347611478896e+00
3.194991280550246948e+00 2.706228809072979136e+00
3.201276738120839127e+00 3.403042694169834625e+00
3.207553033218304872e+00 4.291974129087699374e+00
3.213836161597863672e+00 2.726004940748666616e+00
3.220123259784395398e+00 2.118467569888797243e+03
3.226407551420531483e+00 3.726783983166845893e+00
3.232689305629245613e+00 4.229685007098609617e+00
3.238971071582136041e+00 3.366782418005976663e+00
3.245255685894246067e+00 2.835857752200607873e+00
3.251535715250951863e+00 2.460937003189689332e+00
3.257819502328903827e+00 2.101337304530610073e+00
3.264103492610594071e+00 1.874870585765967101e+00
3.270384810144397303e+00 1.616166020083093402e+00
3.276670428022039783e+00 1.484342430891766984e+00
3.282955566270326919e+00 1.339267863079372622e+00
3.289237716703969916e+00 1.184978242005127580e+00
3.295520653962330293e+00 1.055377533565384551e+00
3.301807644101458550e+00 9.262464064372696315e-01
3.308089302529158449e+00 8.543148742203108270e-01
3.314368987794545252e+00 7.492462299349538224e-01
3.320652691368451315e+00 6.989074786481951351e-01
3.326932422871479833e+00 6.208723713074226769e-01
3.333218115701501727e+00 5.652502139365166434e-01
3.339505861603602188e+00 5.236261376087611996e-01
3.345788344868127595e+00 4.928804982041010696e-01
3.352073190624765164e+00 4.536970224748308467e-01
3.358352694183646125e+00 4.259871852151814742e-01
3.364631227903127186e+00 4.003150246317726535e-01
3.370918965384773536e+00 3.695292473565797153e-01
3.377201513381668629e+00 3.556035588838272199e-01
3.383485934595764633e+00 3.324858037423882307e-01
3.389772491671652066e+00 3.116712000743944166e-01
3.396053991719500509e+00 2.956647710765618609e-01
3.402334005192525712e+00 2.792175184320401793e-01
3.408611853508482170e+00 2.677981863470323409e-01
3.414897839864825535e+00 2.550790022985516270e-01
3.421181285155862728e+00 2.411832239452341986e-01
3.427465364374100876e+00 2.319182357418223539e-01
3.433754096688785840e+00 2.227807461692205282e-01
3.440035356242748144e+00 2.141974585536738085e-01
3.446315808169163386e+00 2.041535386723596635e-01
3.452602963757077426e+00 1.946616910152723923e-01
3.458885619127623823e+00 1.885352531575311685e-01
3.465165758924614980e+00 1.799522394801129355e-01
3.471451503231973046e+00 1.731689427025617511e-01
3.477736678957558336e+00 1.689507330624016590e-01
3.484022358005950615e+00 1.629129781504914665e-01
3.490300354914448899e+00 1.552779286175231532e-01
3.496585015994501777e+00 1.528416259482382467e-01
3.502870831105572069e+00 1.473911015621112708e-01
3.509147722814735637e+00 1.429842370159945530e-01
3.515429662141086098e+00 1.384646337506985625e-01
3.521712008697834850e+00 1.338880969680939781e-01
3.527993736944767811e+00 1.305305786267156876e-01
3.534279159635547618e+00 1.272325569688413371e-01
3.540566564128809546e+00 1.225678883405339342e-01
3.546847878650843722e+00 1.208788203598417099e-01
3.553133555247947939e+00 1.182783090284792865e-01
3.559420214763478363e+00 1.145107570836530336e-01
3.565699480408631494e+00 1.122175462087316583e-01
3.571981368517234134e+00 1.096952059660315087e-01
3.578268698423837879e+00 1.063438104265054251e-01
3.584550774530670392e+00 1.045288986934584802e-01
3.590828935987784298e+00 1.023301698569597379e-01
3.597110718088889492e+00 9.993306457407724608e-02
3.603396512424406506e+00 9.846362261754355860e-02
3.609676747082802173e+00 9.584991861756633758e-02
3.615957977992316330e+00 9.480388822507582192e-02
3.622243580426721010e+00 9.217203096353636382e-02
3.628522628462809596e+00 9.126241525075846905e-02
3.634808120005133425e+00 8.911448781571294775e-02
3.641096965386622752e+00 8.814794613434848158e-02
3.647384913781243299e+00 8.640362293657073700e-02
3.653666753133836043e+00 8.507128152978524205e-02
3.659947726352769770e+00 8.419059365048120469e-02
3.666234893709818365e+00 8.261201624867124671e-02
3.672516996003137191e+00 8.189771555601567388e-02
3.678797940623468765e+00 8.031101069158430583e-02
3.685082198750683435e+00 7.918534051235956439e-02
3.691363013935667237e+00 7.847419063939314876e-02
3.697646206996081375e+00 7.706251576283870697e-02
3.703928900991629636e+00 7.685352229740102792e-02
3.710211472841704605e+00 7.585013462013946717e-02
3.716497167052446926e+00 7.503144017345957095e-02
3.722777172938726675e+00 7.449137206026949787e-02
3.729061287240359235e+00 7.289580135003559391e-02
3.735344545777875336e+00 7.307230134385206410e-02
3.741626449543836941e+00 7.211437264193472363e-02
3.747909505093512728e+00 7.164031034437992607e-02
3.754193016198873689e+00 7.116467461660856697e-02
3.760479637558913790e+00 7.073430965434278350e-02
3.766759446133269851e+00 7.035460322085312912e-02
3.773037643559592702e+00 6.939130968279766387e-02
3.779325182447645037e+00 6.955443636439452570e-02
3.785611241998332765e+00 6.901975589912104359e-02
3.791893886399857028e+00 6.867245911125702262e-02
3.798178379008452232e+00 6.865576616829800749e-02
3.804460597007844669e+00 6.822643872498895812e-02
3.810741293786842121e+00 6.878871725949169125e-02
3.817024656157668172e+00 6.799446405243687874e-02
3.823308984901775620e+00 6.804381243956768299e-02
3.829591178579501598e+00 6.807267226237555258e-02
3.835873668636422096e+00 6.767298963438929393e-02
3.842161045612500381e+00 6.832074580758108751e-02
3.848445733590433626e+00 6.751574788099147517e-02
3.854726100441019820e+00 6.855283294415984163e-02
3.861008152561713036e+00 6.811225385278034394e-02
3.867288667520160317e+00 6.804385336256049688e-02
3.873571407143857837e+00 6.869376044510536183e-02
3.879855154507281689e+00 6.842688815649364265e-02
3.886140680133453706e+00 6.939826927328657247e-02
3.892423554426630350e+00 6.911043099329589046e-02
3.898707135643554089e+00 6.986253489821638019e-02
3.904992757440263862e+00 7.033276514129485624e-02
3.911274451483945036e+00 7.012418147013246839e-02
3.917556732333046021e+00 7.153023385050172323e-02
3.923841166575323225e+00 7.094037623073426446e-02
3.930124816016721478e+00 7.264604268228477824e-02
3.936403665333011226e+00 7.261774770729582940e-02
3.942687802723190860e+00 7.296720968828140919e-02
3.948975148759096498e+00 7.458731345870106555e-02
3.955262046498601247e+00 7.376217304585540313e-02
3.961543413939611291e+00 7.660039542969873660e-02
3.967823997647459411e+00 7.598354367490292582e-02
3.974109649109424769e+00 7.747030879096210298e-02
3.980390315513306465e+00 7.877999789601515535e-02
3.986670633178865497e+00 7.817799085584350993e-02
3.992954341574337374e+00 8.157369834259363406e-02
3.999239437674898312e+00 8.058878595121873878e-02
4.005522652480014045e+00 8.314917719819313324e-02
4.011802048177673718e+00 8.412909730714737688e-02
4.018085141715408426e+00 8.434535473836374253e-02
4.024369535233901729e+00 8.766522723522388039e-02
4.030649783293330124e+00 8.630483108770536926e-02
4.036932679129111357e+00 9.064153164338273339e-02
4.043220418290019325e+00 9.055717336453493471e-02
4.049507661662086200e+00 9.231230163233181130e-02
4.055788045907045891e+00 9.504671797292309210e-02
4.062067059164522043e+00 9.385626236858468641e-02
4.068352854787344874e+00 1.004420282385719010e-01
4.074635659509510788e+00 9.906483289838015349e-02
4.080917054045270831e+00 1.026606534517680580e-01
4.087205686088069889e+00 1.042374673014711400e-01
4.093490301644573393e+00 1.049027651831344610e-01
4.099770438207295697e+00 1.113970618466534196e-01
4.106052527015961573e+00 1.098250448209900504e-01
4.112336138144955910e+00 1.156325517072569198e-01
4.118621532583603972e+00 1.161025606120786174e-01
4.124903585067976941e+00 1.193007095654720351e-01
4.131182712642240240e+00 1.243846342424955176e-01
4.137468630000815217e+00 1.219906329090708896e-01
4.143753536347550614e+00 1.336171816012833025e-01
4.150036722937140432e+00 1.310968620884347402e-01
4.156319556835904372e+00 1.366513951279041683e-01
4.162601167118149981e+00 1.414582134375397815e-01
4.168887134570721464e+00 1.397141617558500803e-01
4.175169561765874171e+00 1.533059394171156775e-01
4.181452242899395877e+00 1.495832312848094647e-01
4.187739255360579449e+00 1.610511243185405728e-01
4.194021594670000574e+00 1.622689218006853062e-01
4.200300760695198754e+00 1.650054694886460283e-01
4.206583573312412838e+00 1.770976549260659672e-01
4.212864548425995892e+00 1.711115113892620887e-01
4.219147128485455589e+00 1.934423336485155409e-01
4.225433661438403377e+00 1.879324894329221507e-01
4.231718368477329406e+00 1.994149999245619365e-01
4.237998895475036498e+00 2.071457632986665187e-01
4.244279597466258380e+00 2.007185060829372591e-01
4.250566280105218198e+00 2.354881153068983657e-01
4.256851587952112936e+00 2.197296446540280557e-01
4.263132860899111698e+00 2.443027141770138244e-01
4.269414568915884445e+00 2.490501209442161079e-01
4.275698115740782512e+00 2.482624426315122035e-01
4.281980156021848671e+00 2.841482303007543120e-01
4.288263338818810944e+00 2.626163495834020756e-01
4.294548516739729926e+00 3.117532959147270022e-01
4.300830910891001224e+00 2.981570198737860111e-01
4.307114686814344395e+00 3.198704026551023594e-01
4.313397714262970695e+00 3.452474160708734474e-01
4.319680042548951882e+00 3.176091830492164814e-01
4.325962677260454470e+00 4.110982558012617472e-01
4.332247955255882133e+00 3.685318362192758768e-01
4.338534851577296791e+00 4.299658180745088987e-01
4.344817821624197940e+00 4.283098800606635614e-01
4.351099303949236052e+00 4.208728541681196478e-01
4.357383544198474290e+00 5.315795071646346459e-01
4.363669160634735533e+00 4.579439159792621505e-01
4.369952160826413134e+00 5.973042894961675398e-01
4.376231841677308942e+00 5.468822564000833664e-01
4.382510196913425915e+00 6.216784057918836037e-01
4.388795959382868261e+00 6.911463140716018749e-01
4.395079843903230810e+00 5.885200868447859612e-01
4.401360933733665881e+00 8.966190908156271844e-01
4.407643714302012405e+00 7.151446303710842223e-01
4.413926461136920665e+00 9.758932126101210747e-01
4.420212544897195173e+00 9.136606326544440826e-01
4.426495749838379012e+00 8.798086695170097560e-01
4.432779159072235409e+00 1.366210917855052553e+00
4.439059915458222427e+00 9.946275377217135283e-01
4.445341878237662137e+00 1.662003671428136098e+00
4.451628428868033005e+00 1.284675768253562556e+00
4.457914551035861095e+00 1.812499980255490639e+00
4.464200235517868265e+00 1.918114662958417371e+00
4.470482182628605194e+00 1.599775374276595663e+00
4.476764673345638990e+00 3.196819724751809311e+00
4.483049464187839561e+00 2.059017118460245044e+00
4.489333155731497271e+00 4.000840477915390103e+00
4.495613345822325080e+00 2.822897896450295097e+00
4.501892119142445026e+00 2.782875050552171103e+00
4.508175121787952655e+00 6.079106401967792728e+00
4.514460900366407792e+00 3.667036697499486131e+00
4.520742053546796591e+00 8.702137411530776134e+00
4.527023810359859013e+00 5.548966958108192848e+00
4.533308960469576654e+00 1.114564432624969648e+01
4.539592363903683037e+00 6.930722688573362156e+00
4.545874919538348990e+00 5.034581122295561428e+00
4.552157687156885402e+00 2.475572432003391896e+03
4.558443781612104395e+00 7.131412171798719335e+00
4.564727638565654111e+00 1.309032556283080950e+01
4.571009437592583602e+00 5.499109369005440229e+00
4.577294624203679163e+00 4.556596836916619431e+00
4.583578089646453968e+00 7.744675545466750854e+00
4.589862179487309568e+00 3.521906102690102180e+00
4.596143999485379439e+00 5.580195725177294008e+00
4.602425263016355572e+00 2.956356160720188697e+00
4.608712017363744806e+00 3.239609769885214874e+00
4.614996038799121791e+00 3.371028364441527536e+00
4.621277296175202665e+00 2.007553880512200628e+00
4.627559936726636458e+00 2.973710461433802354e+00
4.633841741478233800e+00 1.689496440855224657e+00
4.640122475394416135e+00 2.030146827519067720e+00
4.646404355152583321e+00 1.692136045842672187e+00
4.652690604636823046e+00 1.234815481788444025e+00
4.658976230417983366e+00 1.730257669627658146e+00
4.665257901055365863e+00 1.111579834015475443e+00
4.671540647875587204e+00 1.291664651851442525e+00
4.677823961431464284e+00 1.075626228585459199e+00
4.684108235097336426e+00 8.440156858613682145e-01
4.690391798870516382e+00 1.157920713039400029e+00
4.696675467203847987e+00 7.820755015176448222e-01
4.702958737792436672e+00 9.173486134892610000e-01
4.709239588303709922e+00 7.588595357172815969e-01
4.715521529300301218e+00 7.056796375793784604e-01
4.721804241650856326e+00 7.558455438401697757e-01
4.728088995851720711e+00 5.961777462269920447e-01
4.734372372593826483e+00 6.950758452248627650e-01
4.740653441478511532e+00 5.687834361960145690e-01
4.746937690136521226e+00 5.676168550354441233e-01
4.753220866740556438e+00 5.626181617761795151e-01
4.759499584445610942e+00 4.707822472001850778e-01
4.765784674643524177e+00 5.431162643360240017e-01
4.772072066667437440e+00 4.553151256968172023e-01
4.778354574712954772e+00 4.649655668902559214e-01
4.784639688699459548e+00 4.386202864775638477e-01
4.790924571112255670e+00 3.990428334742996408e-01
4.797207630427470448e+00 4.313851544058655008e-01
4.803491281906666188e+00 3.695670906086825358e-01
4.809774797188141271e+00 3.905711630896755437e-01
4.816055012942697999e+00 3.591603610979094974e-01
4.822335756210613056e+00 3.426877862919092688e-01
4.828618372965728156e+00 3.493972294349420582e-01
4.834902420031529147e+00 3.134629143154358810e-01
4.841185408631580422e+00 3.346821255419221153e-01
4.847466912745727718e+00 3.033122190273382923e-01
4.853753607692918415e+00 3.001343488636569190e-01
4.860040654770696023e+00 2.952240815774143101e-01
4.866322071713594433e+00 2.725385432157405585e-01
4.872604241020684235e+00 2.885547470574036377e-01
4.878889019589767173e+00 2.626848147785272869e-01
4.885169833709484877e+00 2.652528385290400248e-01
4.891451276335970988e+00 2.552429485568287193e-01
4.897735676523086390e+00 2.444632387923195149e-01
4.904020888466774863e+00 2.487420586638420528e-01
4.910302466098539043e+00 2.316149035435653702e-01
4.916582728670469749e+00 2.376920376765079002e-01
4.922870405746558653e+00 2.260858168131099910e-01
4.929152603204811633e+00 2.225305957024138748e-01
4.935433400905724355e+00 2.211837095966133204e-01
4.941720002621369012e+00 2.081943878552986738e-01
4.948000629162284447e+00 2.157898024210083421e-01
4.954284600437537378e+00 2.041801398129586831e-01
4.960568964118362345e+00 2.038494450948758474e-01
4.966849452054189484e+00 1.994856267597598931e-01
4.973133312553746244e+00 1.937112751042509018e-01
4.979416667731975110e+00 1.969690299400894129e-01
4.985701847394269137e+00 1.875088886907309016e-01
4.991986126907685062e+00 1.890883661892176770e-01
4.998266089552569014e+00 1.857430947824001977e-01
5.004548850075229538e+00 1.817607324214339792e-01
5.010834613416704109e+00 1.822543073768084498e-01
5.017114133618883365e+00 1.753751312441697019e-01
5.023396754503464123e+00 1.796774628343418556e-01
5.029682555385535103e+00 1.742997279422461576e-01
5.035962952494468681e+00 1.728284271534455685e-01
5.042248916723991670e+00 1.731090502694244138e-01
5.048534518437475249e+00 1.691005022139674685e-01
5.054817055058077102e+00 1.718051193044485836e-01
5.061103124450734292e+00 1.658225784079884191e-01
5.067385418511126005e+00 1.690592528822505158e-01
5.073665350133166108e+00 1.673165693678427823e-01
5.079944158568527435e+00 1.640645864333223070e-01
5.086229157971559722e+00 1.654385031195307609e-01
5.092516081670024342e+00 1.638001486154410935e-01
5.098799062815714933e+00 1.665769484940023137e-01
5.105081564999609967e+00 1.635804195407583317e-01
5.111362075909486435e+00 1.634157050880480910e-01
5.117646708276604173e+00 1.657593937366696468e-01
5.123931579419740423e+00 1.628699767205927795e-01
5.130214175713612157e+00 1.653161813510841960e-01
5.136495802354272833e+00 1.655978686175553771e-01
5.142780182582010973e+00 1.676956223895446352e-01
5.149064547742418618e+00 1.668471960808613763e-01
5.155344632471284605e+00 1.654821207085913348e-01
5.161628512901673460e+00 1.722875197243570466e-01
5.167914708882204167e+00 1.704937399905283590e-01
5.174198770587969065e+00 1.714695232082225906e-01
5.180481984271699147e+00 1.719285365304680235e-01
5.186765863297754464e+00 1.775305201441356728e-01
5.193047702705746893e+00 1.788472115320513256e-01
5.199327701301567295e+00 1.777822546601894038e-01
5.205610051315074038e+00 1.818654966152248864e-01
5.211893783792568513e+00 1.866421856992696304e-01
5.218178654991308285e+00 1.886194149887428784e-01
5.224460565579556182e+00 1.880769842602748321e-01
5.230741351715697540e+00 1.952518208238172848e-01
5.237027120177700112e+00 2.017442271028077883e-01
5.243314739467697549e+00 2.009566405339023587e-01
5.249595278023606149e+00 2.021031659507041833e-01
5.255875849079584938e+00 2.156070409851101044e-01
5.262158673469957471e+00 2.172907936463234491e-01
5.268439395112831214e+00 2.193059080549735473e-01
5.274722108206590931e+00 2.221431910016638533e-01
5.281007345641278938e+00 2.388965890370154110e-01
5.287293380248259567e+00 2.413292960065963333e-01
5.293576735145029133e+00 2.418382107326339792e-01
5.299860851423467523e+00 2.521022460236279628e-01
5.306144493245258609e+00 2.699327796802173940e-01
5.312427159026070100e+00 2.722841000187563587e-01
5.318710177455853838e+00 2.682208512605340767e-01
5.324993165098304893e+00 2.971367931622689862e-01
5.331278074387978627e+00 3.103462820946576994e-01
5.337561778582737837e+00 3.126776561609237448e-01
5.343844392417137712e+00 3.092130152942167420e-01
5.350127046241198059e+00 3.547639937890790240e-01
5.356410632573585850e+00 3.658720224851659264e-01
5.362696075374680404e+00 3.657516016208938736e-01
5.368977622023428431e+00 3.718908426877904905e-01
5.375259264787404234e+00 4.280903939762701338e-01
5.381542175673222239e+00 4.429301527208228118e-01
5.387824976115930475e+00 4.273407584876438015e-01
5.394108529100064331e+00 4.745657852453103454e-01
5.400390002504265929e+00 5.378796218047962041e-01
5.406673750202084960e+00 5.448701183012942817e-01
5.412955699794467890e+00 5.060031242188112177e-01
5.419237955148318520e+00 6.338931657827864274e-01
5.425523090525197212e+00 6.936570622796509600e-01
5.431805715860540396e+00 7.036482908935354219e-01
5.438090831113179924e+00 6.252325203583312119e-01
5.444374481405862554e+00 8.749750403227432027e-01
5.450656385985535479e+00 9.376062414998874717e-01
5.456941012042004324e+00 9.544911748026257969e-01
5.463223574256159232e+00 8.852417744687255396e-01
5.469506233746614043e+00 1.275462964421638645e+00
5.475791313392783799e+00 1.383135832556986022e+00
5.482076520806099751e+00 1.318564600521771935e+00
5.488361758921633360e+00 1.376376126319617477e+00
5.494642978338553085e+00 1.996858620638654047e+00
5.500922328851260090e+00 2.261569505925512757e+00
5.507204020884158169e+00 1.615496503073320600e+00
5.513487086383534574e+00 2.691924862745908253e+00
5.519772673170036725e+00 3.320980727534788457e+00
5.526055063335959083e+00 3.556183988166333076e+00
5.532333106276354329e+00 2.496454901073820842e+00
5.538615491667449930e+00 4.764621781851722915e+00
5.544903720115636148e+00 5.933257270216468982e+00
5.551187288815954801e+00 7.137714083915978946e+00
5.557470531467981090e+00 4.329582259267458433e+00
5.563755611658447897e+00 8.095599192436370828e+00
5.570037554875349350e+00 1.283586928165989775e+03
5.576319117887759802e+00 7.602492207051549933e+00
5.582602002155147680e+00 5.047299651796170572e+00
5.588888631490213754e+00 8.100228861742946762e+00
5.595175275496153233e+00 6.503070500817817567e+00
5.601458712915984961e+00 3.004677378433316726e+00
5.607739290868620330e+00 4.983233640946224341e+00
5.614020862542647983e+00 4.153171689798606181e+00
5.620301751604071860e+00 3.481836747409707389e+00
5.626585003660349749e+00 1.930875643666068120e+00
5.632870193703824135e+00 2.994299071584022975e+00
5.639149634200363970e+00 2.539534546084621702e+00
5.645432108629827361e+00 1.967066346607514227e+00
5.651717488754057328e+00 1.459457418252422256e+00
5.658002094958268557e+00 1.820838389065606355e+00
5.664286976960462461e+00 1.536170702509976227e+00
5.670566925585673879e+00 1.105027881351934749e+00
5.676852042208761162e+00 1.194149472162371994e+00
5.683137388589912575e+00 1.182285707494945992e+00
5.689418158699685257e+00 1.012057036868889703e+00
5.695702068056029077e+00 7.696538140961880492e-01
5.701985967982890813e+00 9.578280616599053054e-01
5.708271056387263620e+00 8.514369226108176036e-01
5.714552979709825564e+00 7.338724339357007853e-01
5.720831601415190093e+00 6.445516788333787161e-01
5.727115355927898221e+00 7.199339057583284962e-01
5.733398957275753105e+00 6.492241341218970563e-01
5.739684091351107575e+00 5.525752719880968611e-01
5.745967659604392708e+00 5.530096373881947525e-01
5.752250391047120992e+00 5.537216126691131279e-01
5.758534671789668380e+00 5.079737010251149654e-01
5.764815058099513223e+00 4.418144123845316740e-01
5.771097431484660589e+00 4.839564884042735216e-01
5.777380386878713026e+00 4.543756410572548088e-01
5.783664936364128373e+00 4.184472726555951150e-01
5.789947151929451863e+00 3.845843406028065514e-01
5.796231493774793186e+00 4.070480422322854119e-01
5.802516691340624533e+00 3.813033766560613991e-01
5.808797995112186641e+00 3.518865118458643360e-01
5.815082184083208539e+00 3.434690297053161756e-01
5.821365271507954020e+00 3.484816856902436810e-01
5.827645525290467532e+00 3.261345046338791076e-01
5.833928171908906890e+00 3.031088422379530356e-01
5.840215967589452717e+00 3.099121920834402855e-01
5.846501812893647454e+00 3.032234313038777995e-01
5.852781909673957728e+00 2.867418966086076604e-01
5.859063783293738226e+00 2.695631887298632900e-01
5.865349571500913406e+00 2.809062336540822935e-01
5.871632939480924129e+00 2.682540758503575429e-01
5.877914823986006176e+00 2.556512196164023587e-01
5.884196626054889023e+00 2.501163101366316033e-01
5.890479074317132913e+00 2.544827277051702197e-01
5.896763574100915228e+00 2.422223094002995958e-01
5.903046036848450306e+00 2.325662271682593374e-01
5.909328377713869429e+00 2.323410509865868889e-01
5.915613028288355224e+00 2.317452890533142629e-01
5.921894409622731281e+00 2.229409444984259137e-01
5.928177134794152536e+00 2.167130700923186326e-01
5.934464774883918992e+00 2.193026704273614569e-01
5.940751250578068188e+00 2.150409590981934849e-01
5.947033452245725549e+00 2.091440560554778949e-01
5.953312775740306151e+00 2.029280377552205583e-01
5.959594106507988265e+00 2.064416400240337013e-01
5.965876424548630652e+00 2.024502006765297457e-01
5.972161112468720390e+00 1.980367364274159270e-01
5.978446099492319199e+00 1.955694776915476718e-01
5.984727467931779010e+00 1.970999200715265742e-01
5.991012985181142447e+00 1.923540788007255253e-01
5.997297612744741713e+00 1.897905508589770585e-01
6.003577416164464609e+00 1.899550469834958288e-01
6.009860806138807909e+00 1.892643662587199516e-01
6.016144510375737831e+00 1.878912791435425056e-01
6.022426254013592661e+00 1.852124804278833525e-01
6.028706803290871719e+00 1.870976098978802127e-01
6.034987951204773715e+00 1.855400868307301443e-01
6.041274067685003857e+00 1.831205003529337294e-01
6.047558134944117647e+00 1.830828915146210101e-01
6.053840825089524813e+00 1.849780723540377925e-01
6.060125328398456190e+00 1.844680863262956882e-01
6.066409969294784155e+00 1.832832027580930390e-01
6.072694327029352301e+00 1.834425689001953630e-01
6.078974651295977694e+00 1.852741194760636756e-01
6.085257277597498238e+00 1.848809914370802276e-01
6.091541245232643398e+00 1.855609874603131870e-01
6.097826243439735450e+00 1.873897385697373685e-01
6.104111770776667889e+00 1.884326847880220812e-01
6.110396747466277034e+00 1.890562913489589325e-01
6.116679071538609236e+00 1.886090326399382233e-01
6.122958529493147672e+00 1.930760258147856678e-01
6.129240445810509641e+00 1.931532945373760357e-01
6.135524780557309654e+00 1.955321090401450079e-01
6.141807474577858805e+00 1.969106346724691370e-01
6.148089386189230510e+00 2.012216337667306343e-01
6.154375713159891070e+00 2.040304540821882562e-01
6.160661139581105950e+00 2.078238208608952087e-01
6.166941022971138331e+00 2.084627281053050563e-01
6.173222562097184785e+00 2.129389697993591679e-01
6.179507647741183440e+00 2.180444435600892850e-01
6.185789356936125749e+00 2.207478022977842069e-01
6.192072249861043431e+00 2.243944150326069864e-01
6.198356783359496802e+00 2.305376845641262384e-01
6.204641274559973496e+00 2.368963776542909738e-01
6.210924271106035732e+00 2.414520852328699563e-01
6.217206768102415460e+00 2.474082518893439830e-01
6.223486202302879633e+00 2.526381319411540871e-01
6.229767722260432627e+00 2.623879326578366644e-01
6.236054214854060085e+00 2.669299711150818766e-01
6.242340046436461343e+00 2.745153233232072165e-01
6.248623268972994360e+00 2.863227206662056767e-01
6.254906079998900026e+00 2.913321723697950838e-01
6.261190798611801611e+00 3.046351651382693260e-01
6.267470893840453527e+00 3.188362742134310812e-01
6.273752395561465356e+00 3.322181998908471656e-01
6.280038415116336203e+00 3.490212783638949601e-01
6.286322359143823313e+00 3.592438244483693310e-01
6.292605930180390494e+00 3.722727545993478326e-01
6.298890629102372074e+00 3.855524483673618552e-01
6.305171573266470375e+00 4.131737294208428501e-01
6.311455101240412091e+00 4.242337292755949396e-01
6.317739752668598996e+00 4.579866469957157848e-01
6.324019791664828638e+00 4.742947636482892082e-01
6.330300090404453961e+00 5.104572946718223259e-01
6.336582976227302488e+00 5.398708911281459022e-01
6.342866512790590328e+00 5.575127662967579445e-01
6.349149664171966911e+00 5.927549794172762843e-01
6.355436214245748339e+00 6.536421743068596690e-01
6.361722100221464338e+00 6.692259941195800588e-01
6.368004157429771439e+00 7.444810786260477320e-01
6.374285543992137093e+00 7.655977038925220191e-01
6.380569360201161722e+00 8.028900886125389658e-01
6.386853196179592906e+00 8.493497511240986064e-01
6.393134053012607509e+00 9.719332676984987485e-01
6.399418824019404539e+00 9.943243723594487049e-01
6.405704396360532904e+00 1.009192664238476311e+00
6.411984928491945013e+00 1.024327307551717636e+00
6.418265745466296579e+00 1.173790555947555214e+00
6.424549958658937854e+00 1.123801635230101237e+00
6.430834939158401653e+00 1.106571556758993102e+00
