8.899641653093008295e-03 3.416031764103816482e+00
1.539332528288165670e-02 4.011425442165798216e+00
2.155046762996598239e-02 3.866096898129111725e+00
2.783660762585126597e-02 3.404967740050748315e+00
3.439928854529101382e-02 2.870121589073768131e+00
4.083988908678293228e-02 2.429069519042968750e+00
4.696089820801348236e-02 2.127630349864130466e+00
5.319831544433587661e-02 1.925627572195870441e+00
5.953007160048735813e-02 1.781420791358278466e+00
6.593106050382960270e-02 1.655274803321678423e+00
7.211112823241795644e-02 1.526012870592948767e+00
7.840743265709380905e-02 1.372548161414845147e+00
8.486374147573563786e-02 1.205781149925277518e+00
9.105720993371453631e-02 1.060327789379474916e+00
9.723119438183111529e-02 9.377420594262294573e-01
1.035474523099094157e-01 8.440808690885878152e-01
1.098380096325790867e-01 7.807750446543511025e-01
1.160878800454857029e-01 7.381909965002660945e-01
1.223769048302436324e-01 7.048962630749741054e-01
1.287591547856025143e-01 6.685391652579658617e-01
1.350589943281513827e-01 6.261246407730782781e-01
1.412290290659165837e-01 5.784838859394948463e-01
1.475161690700088069e-01 5.277161513977920437e-01
1.537996369822966225e-01 4.787304211643882423e-01
1.601026478659483554e-01 4.378523108326867752e-01
1.664508001660549019e-01 4.069505168173120913e-01
1.727583237560037233e-01 3.842048526868676595e-01
1.790245845132147351e-01 3.677892800393462447e-01
1.852702546080971790e-01 3.536599199507736158e-01
1.914887492119529966e-01 3.394934921668320560e-01
1.977904085892937536e-01 3.225396424391844263e-01
2.041115446406587541e-01 3.032641923921498006e-01
2.104256850836569714e-01 2.828945312499999698e-01
2.167058561960866769e-01 2.634812173468914498e-01
2.229761248051159717e-01 2.465530195745216646e-01
2.292828550697881274e-01 2.322211685599561426e-01
2.355310205895554676e-01 2.210825161245067449e-01
2.418144967727207939e-01 2.121031574304257927e-01
2.481043196360692704e-01 2.042824027850552171e-01
2.543667409246888611e-01 1.966031737423445946e-01
2.606678092543103231e-01 1.883187866770585084e-01
2.669430136113040697e-01 1.790351076695570476e-01
2.732519464783976226e-01 1.698506833427472773e-01
2.795627339315375770e-01 1.608879033936138070e-01
2.858373502475139438e-01 1.524537614384890161e-01
2.920953075698756729e-01 1.450676616746204295e-01
2.983525092968341563e-01 1.386011380957457018e-01
3.046702740008471189e-01 1.330954789377019609e-01
3.109590627528140416e-01 1.280338331817330866e-01
3.172239916515500191e-01 1.232085520506279314e-01
3.235299724572279767e-01 1.184958587297784277e-01
3.298388395071043533e-01 1.136313534053999263e-01
3.361383844359337458e-01 1.086640140736305216e-01
3.423877713306480719e-01 1.038607577104314061e-01
3.486623155692267217e-01 9.930803696436571459e-02
3.549448882949312045e-01 9.494173157470690849e-02
3.611996781549324798e-01 9.095663221938467269e-02
3.674875026172954029e-01 8.742440084179073367e-02
3.737698636248200090e-01 8.410645635908726991e-02
3.800714314497639634e-01 8.097668980452758791e-02
3.863585763589229560e-01 7.794003027104133563e-02
3.926354401118986037e-01 7.485455318783870715e-02
3.989457585494922132e-01 7.192023695179081133e-02
4.052156663313305485e-01 6.896875918064350464e-02
4.115034152883392804e-01 6.620547024098957789e-02
4.177905076349040514e-01 6.345508040502334524e-02
4.240487051047501788e-01 6.096382313844261880e-02
4.303463415118498614e-01 5.851591721879334518e-02
4.366358695421740932e-01 5.633377131092002360e-02
4.429029287921816826e-01 5.419384315502241006e-02
4.491680252572889942e-01 5.223446110446088725e-02
4.554486850820457788e-01 5.014698120287232330e-02
4.617725565885423267e-01 4.818542368783402391e-02
4.680757412093953795e-01 4.630320011454629181e-02
4.743564916629640638e-01 4.449591786847856278e-02
4.806425428564732871e-01 4.266377597408140682e-02
4.869129233098823395e-01 4.097965302699409923e-02
4.931745196394184405e-01 3.943666977371527993e-02
4.994506890543656263e-01 3.787969127220380122e-02
5.057241638978529075e-01 3.637619335750110622e-02
5.120042719980517631e-01 3.493028576903910859e-02
5.183192340646139984e-01 3.356821451951294555e-02
5.246161892892522438e-01 3.228334003902227911e-02
5.308869673046785476e-01 3.096842921693069781e-02
5.371637224096752483e-01 2.970690021466931841e-02
5.434652729571635144e-01 2.852872282233022069e-02
5.497524178004593587e-01 2.741911349657427666e-02
5.559970921381958142e-01 2.621132621060529716e-02
5.622866379023159222e-01 2.519706368128359075e-02
5.686033203527380842e-01 2.415130250870182321e-02
5.748823709563090079e-01 2.315135603625350161e-02
5.811585199734176088e-01 2.217780175102955845e-02
5.874446517276211699e-01 2.129258898557919930e-02
5.937246335834056588e-01 2.040621031848934702e-02
6.000023445208265693e-01 1.953549603501247497e-02
6.062700655927123483e-01 1.871141278012551992e-02
6.125564878198721530e-01 1.797905050085424339e-02
6.188675697062213654e-01 1.716947421186459932e-02
6.251436203714340056e-01 1.641724731303571827e-02
6.314092032308914471e-01 1.572446148668052088e-02
6.377070744462735030e-01 1.507008597521659367e-02
6.439915699782213787e-01 1.439160066431013386e-02
6.502746657481665027e-01 1.373103391813176692e-02
6.565654463687421449e-01 1.318285240348775547e-02
6.628457378217490481e-01 1.256014645155054295e-02
6.691273712706959920e-01 1.200327553050266685e-02
6.754135024521100705e-01 1.145694698463333924e-02
6.816942288653291548e-01 1.094024364205883025e-02
6.879707219643064198e-01 1.047585381289860285e-02
6.942401964891569133e-01 9.963511981612376001e-03
7.005213539313046578e-01 9.510684087583778923e-03
7.068163049835881617e-01 9.083613403600339711e-03
7.131046379544038194e-01 8.661723577513555719e-03
7.193979933183044517e-01 8.247852735306624578e-03
7.256912769458278012e-01 7.845311492454005303e-03
7.319732112087881104e-01 7.515204689149851056e-03
7.382575498732680819e-01 7.118898284697618151e-03
7.445309219837563663e-01 6.788118604066366475e-03
7.507908721544984676e-01 6.452434892852207046e-03
7.570762748651901353e-01 6.168834583235815322e-03
7.633652442780797243e-01 5.852356518904033855e-03
7.696523768503739094e-01 5.556361297626535509e-03
7.759443911184177312e-01 5.298136534520126242e-03
7.822388793759307291e-01 5.017088465500418003e-03
7.885422505712965657e-01 4.775996528427853792e-03
7.947958170677573708e-01 4.549227653581437540e-03
8.010501857211035359e-01 4.324689339140944111e-03
8.073371699120777123e-01 4.099101244247489381e-03
8.136256953004623593e-01 3.890696402490482261e-03
8.199185768310989220e-01 3.688072994477741180e-03
8.261975950269245805e-01 3.521544436976574433e-03
8.324916626456120294e-01 3.321009276588628503e-03
8.387980487119468531e-01 3.154618474522724158e-03
8.450681625339854230e-01 3.002083123588294121e-03
8.513326310877129544e-01 2.854686954576081317e-03
8.576229699198910650e-01 2.698227613182600706e-03
8.639079722665760075e-01 2.564760607736169245e-03
8.701845317394016899e-01 2.445048912952681782e-03
8.764647451447489246e-01 2.328933963768907173e-03
8.827524554796379874e-01 2.216342389270057646e-03
8.890360933084631156e-01 2.114245573265358200e-03
8.953122302139767674e-01 2.028358031742859714e-03
9.015989135410911182e-01 1.935748038485546286e-03
9.078856597069530077e-01 1.857337784213248947e-03
9.141777176955673267e-01 1.793537605259377769e-03
9.204705311210197305e-01 1.736366806381701468e-03
9.267502199878263625e-01 1.689551595117468616e-03
9.330346272813238029e-01 1.642778621166502253e-03
9.393297286529698198e-01 1.617898394063353555e-03
9.456020466528652912e-01 1.603926603886310191e-03
9.518687891863797379e-01 1.590022320635626736e-03
9.581418737840891042e-01 1.593977215977084852e-03
9.644369887048810375e-01 1.603866818004017402e-03
9.707375181351720617e-01 1.633310618588421819e-03
9.770097663529486720e-01 1.680339368249298337e-03
9.832835755838400527e-01 1.727652276342466799e-03
9.895569992810110405e-01 1.794730063759125173e-03
9.958480710782616763e-01 1.869731770512422439e-03
1.002138575493429995e+00 1.973073649593470695e-03
1.008406592376542843e+00 2.085676049118424021e-03
1.014697842972237973e+00 2.219304996585977439e-03
1.020995892874764666e+00 2.360533859186021537e-03
1.027276368069287793e+00 2.553474683650752350e-03
1.033563189136701643e+00 2.745902266679206647e-03
1.039851148620366539e+00 2.966030850157019144e-03
1.046127943161246687e+00 3.185622966031442706e-03
1.052404895272092133e+00 3.451323593832252099e-03
1.058683000430492127e+00 3.745381381575936964e-03
1.064967127327474117e+00 4.067157867471362168e-03
1.071258688161570438e+00 4.405643998940561232e-03
1.077544330604543799e+00 4.765181785870312679e-03
1.083828423436568711e+00 5.197716669151229013e-03
1.090113342297217791e+00 5.653808903819058408e-03
1.096393171946581147e+00 6.107293367989733053e-03
1.102683425690332397e+00 6.625231605829445293e-03
1.108964675464843452e+00 7.180881433802341340e-03
1.115226705913353378e+00 7.746046702015491232e-03
1.121503167812783808e+00 8.406902236372743378e-03
1.127793382225193985e+00 9.056726941132532335e-03
1.134092036465484288e+00 9.847637716537150157e-03
1.140366923395659482e+00 1.065446499213659227e-02
1.146641931784804447e+00 1.149769527616625701e-02
1.152944617322677390e+00 1.243489330453408093e-02
1.159230356871362666e+00 1.342398590195051193e-02
1.165510994903905084e+00 1.439161969208922233e-02
1.171794297100004156e+00 1.538815478811515064e-02
1.178088255559602393e+00 1.666826958851824747e-02
1.184371772446566995e+00 1.791184382605976594e-02
1.190639487122887363e+00 1.921975193050940237e-02
1.196916336380001056e+00 2.056360237191864893e-02
1.203204375371396573e+00 2.185275388239470498e-02
1.209488225901738323e+00 2.383673200439037632e-02
1.215765679709200020e+00 2.518339292609892213e-02
1.222058041744503942e+00 2.689702149895491223e-02
1.228350115998196657e+00 2.899724653109861730e-02
1.234637679107109420e+00 3.101895408158012596e-02
1.240908145406735441e+00 3.320604130773648771e-02
1.247180835746598104e+00 3.522150486589428059e-02
1.253468531500335770e+00 3.756422778995852779e-02
1.259751636995439350e+00 3.989696099657003697e-02
1.266035077425267108e+00 4.271893124150984156e-02
1.272321570618527797e+00 4.568136836339078966e-02
1.278608208280544778e+00 4.817468074460909411e-02
1.284887298154571367e+00 5.185685144382343875e-02
1.291176964274221017e+00 5.523930008278610942e-02
1.297469848393144831e+00 5.894293530762076405e-02
1.303745183221867832e+00 6.211155957105658071e-02
1.310019952103037566e+00 6.640267015982698195e-02
1.316304889985511428e+00 7.047050897180302809e-02
1.322589692250816240e+00 7.458652871485005331e-02
1.328868076233011619e+00 7.998298668742587214e-02
1.335146302472670188e+00 8.553952374088923116e-02
1.341442338921303268e+00 9.106930193812455554e-02
1.347732504022160827e+00 9.688169284191000541e-02
1.354002360904259961e+00 1.038418347887645199e-01
1.360285090555885645e+00 1.096009865509253722e-01
1.366569991348876023e+00 1.172826440778746565e-01
1.372854357884312648e+00 1.245303605973957783e-01
1.379136732473180915e+00 1.339661664991322609e-01
1.385410660878153122e+00 1.411097865153916053e-01
1.391699780091347760e+00 1.506460567583974008e-01
1.397986514487977949e+00 1.598661512462302425e-01
1.404269431125305445e+00 1.727957577748019113e-01
1.410558481592738334e+00 1.862395099895080286e-01
1.416841921169897933e+00 1.984788399444692708e-01
1.423120638450376285e+00 2.160043615782624715e-01
1.429399525711986918e+00 2.307927478178833647e-01
1.435687195920436032e+00 2.469330518823741327e-01
1.441978909597384506e+00 2.664847922697819449e-01
1.448256353182435952e+00 2.846921509774196779e-01
1.454533979889224504e+00 3.068577547037511510e-01
1.460823291195719742e+00 3.334913471298693310e-01
1.467115297699349785e+00 3.593137933547070895e-01
1.473396431849603117e+00 3.937701377268258418e-01
1.479672187129404293e+00 4.351864322339802360e-01
1.485957336950811003e+00 4.722240999484831336e-01
1.492235428844137068e+00 5.254926080982226244e-01
1.498505563158792242e+00 5.709038972175363158e-01
1.504788033368229971e+00 6.204428362241410921e-01
1.511077562324459223e+00 6.709925312083383497e-01
1.517363063341846008e+00 7.380057223563653013e-01
1.523653270341324806e+00 8.103865583013274421e-01
1.529942912799504340e+00 9.462177561067217635e-01
1.536231829420274808e+00 1.056483446209153909e+00
1.542513327069792606e+00 1.223868049181151774e+00
1.548785556440221534e+00 1.383576897133663497e+00
1.555073465503286512e+00 1.571809202353964263e+00
1.561358245907146003e+00 1.776725720443572909e+00
1.567631451431686029e+00 2.036321095784011437e+00
1.573918013544226335e+00 2.416235613972824936e+00
1.580207648268701970e+00 2.722170455059540473e+00
1.586489494063065386e+00 3.627877929790010114e+00
1.592763080732128689e+00 4.435531401985635114e+00
1.599049662621118140e+00 4.241506045475682996e+00
1.605345053337696948e+00 4.641651948958010365e+00
1.611620459129566862e+00 7.506927306248925561e+03
1.617898365736541777e+00 4.947441548370989040e+00
1.624184845436249969e+00 5.408488077866988597e+00
1.630466505740439054e+00 4.605303716438310602e+00
1.636751035144561328e+00 3.657450982000947093e+00
1.643032775792161226e+00 3.155795051604957102e+00
1.649311205731157637e+00 2.684536040726599460e+00
1.655595559618384449e+00 2.306036025272227619e+00
1.661881635856505390e+00 2.051710133898973165e+00
1.668171353955333336e+00 1.842306218647390192e+00
1.674453350850270361e+00 1.649686299241632126e+00
1.680725924646356395e+00 1.462257490586695852e+00
1.687014542692673036e+00 1.287267687666527216e+00
1.693310190593907416e+00 1.135240944411498809e+00
1.699585582287156615e+00 1.049481698126396800e+00
1.705866511081394421e+00 9.311779391677510453e-01
1.712160676675390514e+00 8.665435792258919800e-01
1.718444821026641867e+00 7.891386429581133122e-01
1.724722780324677629e+00 7.334973315543695804e-01
1.730998407906060743e+00 6.809028425905147008e-01
1.737287228726877686e+00 6.367117985834099825e-01
1.743568303176275425e+00 5.915427555082574118e-01
1.749841689593745420e+00 5.481995575774597507e-01
1.756129388522271517e+00 5.124876864531894283e-01
1.762415116633644363e+00 4.754302495003318030e-01
1.768698244482999726e+00 4.521608388537589063e-01
1.774980086402522028e+00 4.288609292768906234e-01
1.781265981096536777e+00 4.043987757987720366e-01
1.787550624457374449e+00 3.849185805954876138e-01
1.793835833491845833e+00 3.659688548708720512e-01
1.800117311233924822e+00 3.508885263781895691e-01
1.806395490080128896e+00 3.350214897958006532e-01
1.812674669631440416e+00 3.180100872626949182e-01
1.818957879507353992e+00 3.062627855094874341e-01
1.825245306758315422e+00 2.950658313604165306e-01
1.831528271693480647e+00 2.831179968775111577e-01
1.837812827050599118e+00 2.754511133192845129e-01
1.844103367940866489e+00 2.644446620282910332e-01
1.850386948924649388e+00 2.566709066147788154e-01
1.856666935595761014e+00 2.506644359856299298e-01
1.862948995952047992e+00 2.422844420760399686e-01
1.869230662203537285e+00 2.399803323444321124e-01
1.875518523852231834e+00 2.323293967838351015e-01
1.881801828956604083e+00 2.286663984461708987e-01
1.888079605905484737e+00 2.256216035664702080e-01
1.894354917179238207e+00 2.212141677232004333e-01
1.900643508338552223e+00 2.215848668142367528e-01
1.906933681097740418e+00 2.161849451905958897e-01
1.913208537729330194e+00 2.183124328390285696e-01
1.919491876081842907e+00 2.164583136570706057e-01
1.925778583551117418e+00 2.162757949265171065e-01
1.932066442879381896e+00 2.175287163437738536e-01
1.938345779800252577e+00 2.138607903296514956e-01
1.944621163117130624e+00 2.243120934221045637e-01
1.950906419736068598e+00 2.188928923054558606e-01
1.957194922928259695e+00 2.259102442939680822e-01
1.963480698366232735e+00 2.286556037413995379e-01
1.969761129083444473e+00 2.286189967122586320e-01
1.976050304691988391e+00 2.415012186070769340e-01
1.982339908457910083e+00 2.369346823368843613e-01
1.988618349245825812e+00 2.529151903776702404e-01
1.994897766502643721e+00 2.540607065890952976e-01
2.001180771161680028e+00 2.595262323075812061e-01
2.007460336186321026e+00 2.789230444470779946e-01
2.013738753216055777e+00 2.714397564770055227e-01
2.020018986124832772e+00 3.050979577601344306e-01
2.026310836118350167e+00 2.988440038710564184e-01
2.032601207862052561e+00 3.192463977651813223e-01
2.038875504895327317e+00 3.360438467292241049e-01
2.045155551699306962e+00 3.296972775187938520e-01
2.051445731990026999e+00 3.839717353872414973e-01
2.057731375213294633e+00 3.649696966101141915e-01
2.064016423384301913e+00 4.188975334348902235e-01
2.070302827783211619e+00 4.200199903343438401e-01
2.076590615358942848e+00 4.396086449023592913e-01
2.082865814675600280e+00 5.050083889084908684e-01
2.089135078390696343e+00 4.731013068926582799e-01
2.095424699602885799e+00 5.823339414314505635e-01
2.101708259047597949e+00 5.567257639541733916e-01
2.107987807301212158e+00 6.222499022297269811e-01
2.114274337075186416e+00 6.764569848833041910e-01
2.120555211422834319e+00 6.206699666389240422e-01
2.126838540980260372e+00 8.619552093813968030e-01
2.133123767198004117e+00 7.529496142652816193e-01
2.139413031894335848e+00 9.791148847991971715e-01
2.145698041890389263e+00 9.496307790073198474e-01
2.151974340624452253e+00 1.010497024671564770e+00
2.158260630891077003e+00 1.292222613539518727e+00
2.164546658731809625e+00 1.079690612993340126e+00
2.170832823837292480e+00 1.609040884578626152e+00
2.177115967197242430e+00 1.364528115986335832e+00
2.183389032615354441e+00 1.789252341380461298e+00
2.189670975244353279e+00 1.894435528105449684e+00
2.195960831894089527e+00 1.642986118433985343e+00
2.202245817416866203e+00 3.120102511598973560e+00
2.208524601220368755e+00 2.170756706537100733e+00
2.214805589383115780e+00 3.990460605936419380e+00
2.221093631642824917e+00 2.939917039252488262e+00
2.227374275520719316e+00 4.207912945224175694e+00
2.233658333286540287e+00 4.905050039438714649e+00
2.239946072329966231e+00 3.828585729544861760e+00
2.246226850917138140e+00 9.166711280213746704e+00
2.252506781988718565e+00 5.888951969883095217e+00
2.258783643789477491e+00 1.298676643221434190e+01
2.265069381259946724e+00 7.487927085904790836e+00
2.271351266578538919e+00 5.226607749913028123e+00
2.277635010148555850e+00 7.741859990983379248e+03
2.283922963308533394e+00 7.884547076762177475e+00
2.290204538958168001e+00 1.450336405513382410e+01
2.296492854789115245e+00 6.161123883868897977e+00
2.302773836462560286e+00 6.544244472562600556e+00
2.309052848528886148e+00 7.125452343722445292e+00
2.315340397783157922e+00 3.857518505918374530e+00
2.321629550362612981e+00 5.905757186744900800e+00
2.327914834812394584e+00 3.262381677740844310e+00
2.334189028016975698e+00 3.801851186404643812e+00
2.340468735514670495e+00 3.269717302826971483e+00
2.346757573269963704e+00 2.243220718692175986e+00
2.353046701279460251e+00 3.078135769021492774e+00
2.359329919851476554e+00 1.929117103836247793e+00
2.365603805485394950e+00 2.137416910096865408e+00
2.371887442159951398e+00 1.855885594989561627e+00
2.378175480496420580e+00 1.424683704889901703e+00
2.384455602231496218e+00 1.865064044168392110e+00
2.390737631861327372e+00 1.312132187879641476e+00
2.397015688929587718e+00 1.451412357940394360e+00
2.403297559533717376e+00 1.231337047051050071e+00
2.409586419743307228e+00 1.088820242822169604e+00
2.415875314660682172e+00 1.175905058887171784e+00
2.422164535679191655e+00 9.289057016511452769e-01
2.428442137972055104e+00 1.014829572409754910e+00
2.434719213815070837e+00 8.678730809621708620e-01
2.441002915255427563e+00 8.373980939167308124e-01
2.447292244015294216e+00 8.327548928872087197e-01
2.453574548397714494e+00 7.175235327804747598e-01
2.459853950840888093e+00 7.820298690055933477e-01
2.466141393364139400e+00 6.774263357694393362e-01
2.472424340910468477e+00 6.739487341557317546e-01
2.478699559716526224e+00 6.440497143102941191e-01
2.484981956405843295e+00 5.843214941199426082e-01
2.491271774374293368e+00 6.195264671786550048e-01
2.497550925125272325e+00 5.579792457457513066e-01
2.503833126215876170e+00 5.620468149423446524e-01
2.510118697329297710e+00 5.393401534067793213e-01
2.516402124721602629e+00 5.228915880911281233e-01
2.522689938852853420e+00 5.294781145278781853e-01
2.528973288009538134e+00 4.888439415460606452e-01
2.535253600549877362e+00 5.177382424141221406e-01
2.541538941914911476e+00 4.927470695894068942e-01
2.547825021627405206e+00 4.857058998295230023e-01
2.554103008122937002e+00 4.861964983784900496e-01
2.560378237915397648e+00 4.842502205251374980e-01
2.566669017775174755e+00 5.013581968974791803e-01
2.572956571054420216e+00 4.802845740484455450e-01
2.579236104287966125e+00 4.953995199971292229e-01
2.585522655546601989e+00 5.196311251058683967e-01
2.591808172184224546e+00 5.140784000898300787e-01
2.598087543498381002e+00 5.207961328236339060e-01
2.604361437550918978e+00 5.468939434025670288e-01
2.610647591905687293e+00 5.783876107162987390e-01
2.616933270352379548e+00 5.747110086179409993e-01
2.623207934884185466e+00 5.620827272153744447e-01
2.629492944384940412e+00 6.559368167271097949e-01
2.635779602277390499e+00 6.706482806887928971e-01
2.642061794567720945e+00 6.859348646424121565e-01
2.648344685049869529e+00 6.885518244466805049e-01
2.654633852395646088e+00 8.325433225384911706e-01
2.660920832685793602e+00 8.777701733007192697e-01
2.667200003651473139e+00 8.583449521186650166e-01
2.673485665061926309e+00 9.376175131413015951e-01
2.679774189917022653e+00 1.130182802175818235e+00
2.686059197445316293e+00 1.173939957848058047e+00
2.692340742040600254e+00 1.095196561955078973e+00
2.698619785325931719e+00 1.346376900436099922e+00
2.704896067289608741e+00 1.663639681825881400e+00
2.711176296267862273e+00 1.820035696670618597e+00
2.717460477624493720e+00 1.431216972281594835e+00
2.723746785600710485e+00 2.419585520375775012e+00
2.730040839622854598e+00 2.733177409736596619e+00
2.736320462271965681e+00 2.976742742117439278e+00
2.742593167856604897e+00 2.160270770022618247e+00
2.748880654965284887e+00 4.116156568742031396e+00
2.755164406907204988e+00 4.910750834993372393e+00
2.761447966179410241e+00 5.989133475510620030e+00
2.767734949986044413e+00 4.061033324010364431e+00
2.774018204230510154e+00 7.980285432894033804e+00
2.780299459131881701e+00 6.318655699980077145e+00
2.786578380850841974e+00 3.571776028039010271e+03
2.792858749059577761e+00 4.445067241986529361e+00
2.799144688897090116e+00 8.696758745958339532e+00
2.805431744286055018e+00 7.191498252272046976e+00
2.811716466586489993e+00 3.202581264605410816e+00
2.817990514261363710e+00 5.278861065471804892e+00
2.824271178017407902e+00 4.232450900356374390e+00
2.830565310473360352e+00 3.407451508519324435e+00
2.836850361681537702e+00 2.192984452843154131e+00
2.843131259198828698e+00 3.004975130179787346e+00
2.849415373186487965e+00 2.534040582338998426e+00
2.855698064670956882e+00 1.878532063722956114e+00
2.861978975302818640e+00 1.731065376677818124e+00
2.868263635614905827e+00 1.813058706605895853e+00
2.874548572895146759e+00 1.537775327215330723e+00
2.880833509046437424e+00 1.129156688443987866e+00
2.887115914775806313e+00 1.372908962032719504e+00
2.893396211301912935e+00 1.229499546453052483e+00
2.899675259048415388e+00 1.066131931287811696e+00
2.905955807169823046e+00 9.323409716375569145e-01
2.912242784565592046e+00 1.027202373906996646e+00
2.918528489082492516e+00 9.282627618020794502e-01
2.924812236943901578e+00 8.015237863086839276e-01
2.931097264553834236e+00 7.719643447213051513e-01
2.937379046647154990e+00 7.822590813449158409e-01
2.943662417245681340e+00 7.204245025670453773e-01
2.949948997849719756e+00 6.548158081814113851e-01
2.956228453902073561e+00 6.720312727330347569e-01
2.962510840116227673e+00 6.481839327154048647e-01
2.968797192440125965e+00 6.101750626452896453e-01
2.975078489423049533e+00 5.737699795987784013e-01
2.981360447198230457e+00 6.015780767292566722e-01
2.987647323528414223e+00 5.779350359737025489e-01
2.993932064934300641e+00 5.473478024831893718e-01
3.000209551562139421e+00 5.402122376773849100e-01
3.006487470944601892e+00 5.502841248755721004e-01
3.012770586989486521e+00 5.398922697470861509e-01
3.019055028984091837e+00 5.306327200394382881e-01
3.025339593109035885e+00 5.385627519259175155e-01
3.031624651041083141e+00 5.497502624314496433e-01
3.037909525040372927e+00 5.462807296484146757e-01
3.044196264475506730e+00 5.476580184823524045e-01
3.050477886447245712e+00 5.695848925862967427e-01
3.056756711732924625e+00 5.781612962395792366e-01
3.063041213115731409e+00 5.880312240571606841e-01
3.069324013399330031e+00 6.066196618079848779e-01
3.075611272807551533e+00 6.282353424724734792e-01
3.081895489281643030e+00 6.517714197201578408e-01
3.088176199887292306e+00 6.861158797788960984e-01
3.094459112917897325e+00 7.110259517639762050e-01
3.100744234350492956e+00 7.685734489068946074e-01
3.107029324214496846e+00 8.018128306166948382e-01
3.113310425776543600e+00 8.488890529650945371e-01
3.119592029507459507e+00 8.802823308936562618e-01
3.125875559417674587e+00 9.424675883913553598e-01
3.132160147770352676e+00 9.894469349441176176e-01
3.138440210879888337e+00 1.129692557821679433e+00
3.144724491651683440e+00 1.202478384584569460e+00
3.151004924765398840e+00 1.362929234537288092e+00
3.157285342196649136e+00 1.458023670249288584e+00
3.163570603826113992e+00 1.605839011767334679e+00
3.169852350185627277e+00 1.804775202649704813e+00
3.176138770387999966e+00 2.055378694761123004e+00
3.182422419512343836e+00 2.235635383676093380e+00
3.188703671424619746e+00 2.612742726832976370e+00
3.194991280550246948e+00 2.961265693905138274e+00
3.201276738120839127e+00 3.663092733724736316e+00
3.207553033218304872e+00 4.554748611216522747e+00
3.213836161597863672e+00 2.994680314857346204e+00
3.220123259784395398e+00 2.121901341377598328e+03
3.226407551420531483e+00 4.015867347215778871e+00
3.232689305629245613e+00 4.526014192404517189e+00
3.238971071582136041e+00 3.673208951516707899e+00
3.245255685894246067e+00 3.153525301399016545e+00
3.251535715250951863e+00 2.796665476055340438e+00
3.257819502328903827e+00 2.448047333530255720e+00
3.264103492610594071e+00 2.235922148641828588e+00
3.270384810144397303e+00 1.990462206317977989e+00
3.276670428022039783e+00 1.885214446622819784e+00
3.282955566270326919e+00 1.755334865301504177e+00
3.289237716703969916e+00 1.619666648467240400e+00
3.295520653962330293e+00 1.506469099136257928e+00
3.301807644101458550e+00 1.409416170542974855e+00
3.308089302529158449e+00 1.363794071199435853e+00
3.314368987794545252e+00 1.279955018169366854e+00
3.320652691368451315e+00 1.252771073414629566e+00
3.326932422871479833e+00 1.210498557920816509e+00
3.333218115701501727e+00 1.190983175975846908e+00
3.339505861603602188e+00 1.168487638759397429e+00
3.345788344868127595e+00 1.160455393281951464e+00
3.352073190624765164e+00 1.147314597878690723e+00
3.358352694183646125e+00 1.170423474407801701e+00
3.364631227903127186e+00 1.166648113488817362e+00
3.370918965384773536e+00 1.155155773574407796e+00
3.377201513381668629e+00 1.176027614598653015e+00
3.383485934595764633e+00 1.240220538485349078e+00
3.389772491671652066e+00 1.250917348387255545e+00
3.396053991719500509e+00 1.263413348566370331e+00
3.402334005192525712e+00 1.290255977485794459e+00
3.408611853508482170e+00 1.399569082035577283e+00
3.414897839864825535e+00 1.446110734617519933e+00
3.421181285155862728e+00 1.478505776498594493e+00
3.427465364374100876e+00 1.504105445693311838e+00
3.433754096688785840e+00 1.651044370419720186e+00
3.440035356242748144e+00 1.757277611493087699e+00
3.446315808169163386e+00 1.791977307418606502e+00
3.452602963757077426e+00 1.846495090363110547e+00
3.458885619127623823e+00 2.059186972878928934e+00
3.465165758924614980e+00 2.313625758477936500e+00
3.471451503231973046e+00 2.373490645981357172e+00
3.477736678957558336e+00 2.433977405980671804e+00
3.484022358005950615e+00 2.580097955532826060e+00
3.490300354914448899e+00 3.261266178962014539e+00
3.496585015994501777e+00 3.143526756762437202e+00
3.502870831105572069e+00 3.261041294665184331e+00
3.509147722814735637e+00 3.446184020949772719e+00
3.515429662141086098e+00 4.853380271878112495e+00
3.521712008697834850e+00 4.683521342212642047e+00
3.527993736944767811e+00 4.834633799602993776e+00
3.534279159635547618e+00 5.285531492994908653e+00
3.540566564128809546e+00 7.771103501900328503e+00
3.546847878650843722e+00 7.333762967195553983e+00
3.553133555247947939e+00 7.689919140463474356e+00
3.559420214763478363e+00 8.470844724537709425e+00
3.565699480408631494e+00 1.369793903546207225e+01
3.571981368517234134e+00 1.338540449311484792e+01
3.578268698423837879e+00 1.394819097287745890e+01
3.584550774530670392e+00 1.478383188529265624e+01
3.590828935987784298e+00 1.840815500636043467e+01
3.597110718088889492e+00 7.025187049839271822e+03
3.603396512424406506e+00 1.651625986187929485e+01
3.609676747082802173e+00 1.734743994391882893e+01
3.615957977992316330e+00 1.501072306038619608e+01
3.622243580426721010e+00 1.709387559464608941e+01
3.628522628462809596e+00 1.043632088530618596e+01
3.634808120005133425e+00 8.993694292936011081e+00
3.641096965386622752e+00 8.109093371802146066e+00
3.647384913781243299e+00 9.361640824696928931e+00
3.653666753133836043e+00 6.903199228885679162e+00
3.659947726352769770e+00 6.033507443625055977e+00
3.666234893709818365e+00 5.488606305559124543e+00
3.672516996003137191e+00 5.653423634787418273e+00
3.678797940623468765e+00 4.981408744529971067e+00
3.685082198750683435e+00 4.285173286653925828e+00
3.691363013935667237e+00 3.939023900844821124e+00
3.697646206996081375e+00 3.805181420224302169e+00
3.703928900991629636e+00 3.905265545629306168e+00
3.710211472841704605e+00 3.445050257881276945e+00
3.716497167052446926e+00 3.183872289864724259e+00
3.722777172938726675e+00 3.063476081729624045e+00
3.729061287240359235e+00 3.177414258430613092e+00
3.735344545777875336e+00 2.994822358864434264e+00
3.741626449543836941e+00 2.784353010361469316e+00
3.747909505093512728e+00 2.778595701305508925e+00
3.754193016198873689e+00 2.786403648814923528e+00
3.760479637558913790e+00 2.773458389640815369e+00
3.766759446133269851e+00 2.685894365058086652e+00
3.773037643559592702e+00 2.653296053006510391e+00
3.779325182447645037e+00 2.766265041731683638e+00
3.785611241998332765e+00 2.724634964725547448e+00
3.791893886399857028e+00 2.877410606625495415e+00
3.798178379008452232e+00 2.740101431058033388e+00
3.804460597007844669e+00 3.116869933260476344e+00
3.810741293786842121e+00 2.978210871664696224e+00
3.817024656157668172e+00 3.357626651851845612e+00
3.823308984901775620e+00 3.257026916755268342e+00
3.829591178579501598e+00 3.616351850907553178e+00
3.835873668636422096e+00 3.728983181933294144e+00
3.842161045612500381e+00 3.893709193895523502e+00
3.848445733590433626e+00 4.385935432626041575e+00
3.854726100441019820e+00 4.119303977687104990e+00
3.861008152561713036e+00 5.712457291472968102e+00
3.867288667520160317e+00 4.972409749208197560e+00
3.873571407143857837e+00 6.953228947501691515e+00
3.879855154507281689e+00 6.145355426290229239e+00
3.886140680133453706e+00 8.725824080377082126e+00
3.892423554426630350e+00 7.548679373099150602e+00
3.898707135643554089e+00 1.095016582203241740e+01
3.904992757440263862e+00 1.003832536312867596e+01
3.911274451483945036e+00 1.394649496332007743e+01
3.917556732333046021e+00 1.547885785333194164e+01
3.923841166575323225e+00 1.481370590111330010e+01
3.930124816016721478e+00 2.304960139593748636e+01
3.936403665333011226e+00 1.037229153440894081e+01
3.942687802723190860e+00 6.037799624176802354e+03
3.948975148759096498e+00 1.755206390876992373e+01
3.955262046498601247e+00 2.351309821939938516e+01
3.961543413939611291e+00 1.369758448021417330e+01
3.967823997647459411e+00 1.497576482407252385e+01
3.974109649109424769e+00 1.065263146163655783e+01
3.980390315513306465e+00 8.563401530733250056e+00
3.986670633178865497e+00 1.063996748674004245e+01
3.992954341574337374e+00 6.859108452752798790e+00
3.999239437674898312e+00 8.191539132690357050e+00
4.005522652480014045e+00 5.708719959067877880e+00
4.011802048177673718e+00 6.285458095369159892e+00
4.018085141715408426e+00 4.786468992071792883e+00
4.024369535233901729e+00 4.609289368187068803e+00
4.030649783293330124e+00 4.209299951154256370e+00
4.036932679129111357e+00 3.510012791476565308e+00
4.043220418290019325e+00 3.834409773021056456e+00
4.049507661662086200e+00 2.972235139508609514e+00
4.055788045907045891e+00 3.296841130478433968e+00
4.062067059164522043e+00 2.672512282331018341e+00
4.068352854787344874e+00 2.742308630962080773e+00
4.074635659509510788e+00 2.366492874917321299e+00
4.080917054045270831e+00 2.282976334039905630e+00
4.087205686088069889e+00 2.127929155159802299e+00
4.093490301644573393e+00 1.930670554658083127e+00
4.099770438207295697e+00 1.951854562362453249e+00
4.106052527015961573e+00 1.689958047776994432e+00
4.112336138144955910e+00 1.757185566688655554e+00
4.118621532583603972e+00 1.538867725615893134e+00
4.124903585067976941e+00 1.547580282280681230e+00
4.131182712642240240e+00 1.408146423001335856e+00
4.137468630000815217e+00 1.367743370135348080e+00
4.143753536347550614e+00 1.300446671529443377e+00
4.150036722937140432e+00 1.213436562634951477e+00
4.156319556835904372e+00 1.198249718198244329e+00
4.162601167118149981e+00 1.098226884000343739e+00
4.168887134570721464e+00 1.109140693495324959e+00
4.175169561765874171e+00 1.029261374397751672e+00
4.181452242899395877e+00 1.023177464238426593e+00
4.187739255360579449e+00 9.639871249645483031e-01
4.194021594670000574e+00 9.451254733443760214e-01
4.200300760695198754e+00 9.068913775057277915e-01
4.206583573312412838e+00 8.821574396274994845e-01
4.212864548425995892e+00 8.545678431300278710e-01
4.219147128485455589e+00 8.360567320907795752e-01
4.225433661438403377e+00 8.235499401066997960e-01
4.231718368477329406e+00 7.906319813082078873e-01
4.237998895475036498e+00 7.936381830141275850e-01
4.244279597466258380e+00 7.513392927222779516e-01
4.250566280105218198e+00 7.808528383656032634e-01
4.256851587952112936e+00 7.386031394761989333e-01
4.263132860899111698e+00 7.513750734963511313e-01
4.269414568915884445e+00 7.415255478502462694e-01
4.275698115740782512e+00 7.233158530417804766e-01
4.281980156021848671e+00 7.568739116699138014e-01
4.288263338818810944e+00 7.099990157894034981e-01
4.294548516739729926e+00 7.685799448252572663e-01
4.300830910891001224e+00 7.315362876179707374e-01
4.307114686814344395e+00 7.574847365797144905e-01
4.313397714262970695e+00 7.732829837412658058e-01
4.319680042548951882e+00 7.354571306304440448e-01
4.325962677260454470e+00 8.347093365932458653e-01
4.332247955255882133e+00 7.808133087556123897e-01
4.338534851577296791e+00 8.514349765605362386e-01
4.344817821624197940e+00 8.415131911970604728e-01
4.351099303949236052e+00 8.382764266523196062e-01
4.357383544198474290e+00 9.604553386751433219e-01
4.363669160634735533e+00 8.780435617119300984e-01
4.369952160826413134e+00 1.040115640424110310e+00
4.376231841677308942e+00 9.791932016214267565e-01
4.382510196913425915e+00 1.063079032896825593e+00
4.388795959382868261e+00 1.148072138067514958e+00
4.395079843903230810e+00 1.028052988471807261e+00
4.401360933733665881e+00 1.382862088301808567e+00
4.407643714302012405e+00 1.187512289700584089e+00
4.413926461136920665e+00 1.490392451529935602e+00
4.420212544897195173e+00 1.427653511173397005e+00
4.426495749838379012e+00 1.390576849284497651e+00
4.432779159072235409e+00 1.950591183449353894e+00
4.439059915458222427e+00 1.524757695568299765e+00
4.445341878237662137e+00 2.244101077934348876e+00
4.451628428868033005e+00 1.832656638369666524e+00
4.457914551035861095e+00 2.353213790070691758e+00
4.464200235517868265e+00 2.505109666468790852e+00
4.470482182628605194e+00 2.148088463718588859e+00
4.476764673345638990e+00 3.780017381259141551e+00
4.483049464187839561e+00 2.635962206240408445e+00
4.489333155731497271e+00 4.584719394207220411e+00
4.495613345822325080e+00 3.435098721100994013e+00
4.501892119142445026e+00 3.390290072469233529e+00
4.508175121787952655e+00 6.725212737539547625e+00
4.514460900366407792e+00 4.317040259046251549e+00
4.520742053546796591e+00 9.392370852159190875e+00
4.527023810359859013e+00 6.250610899201938686e+00
4.533308960469576654e+00 1.188065699353844451e+01
4.539592363903683037e+00 7.696629189498423784e+00
4.545874919538348990e+00 5.821543445999092015e+00
4.552157687156885402e+00 2.483785580900624154e+03
4.558443781612104395e+00 7.999570596813055268e+00
4.564727638565654111e+00 1.401847687039893486e+01
4.571009437592583602e+00 6.456179122431793260e+00
4.577294624203679163e+00 5.545970127134724592e+00
4.583578089646453968e+00 8.810180590882820795e+00
4.589862179487309568e+00 4.620908192960818006e+00
4.596143999485379439e+00 6.749514468294028013e+00
4.602425263016355572e+00 4.193482864709908498e+00
4.608712017363744806e+00 4.523765105052402369e+00
4.614996038799121791e+00 4.759664706618290886e+00
4.621277296175202665e+00 3.462088607203805068e+00
4.627559936726636458e+00 4.532716577825738113e+00
4.633841741478233800e+00 3.331439980289073954e+00
4.640122475394416135e+00 3.768127075071626031e+00
4.646404355152583321e+00 3.575683920104566482e+00
4.652690604636823046e+00 3.191504475520944517e+00
4.658976230417983366e+00 3.872352707818458750e+00
4.665257901055365863e+00 3.328600079320856331e+00
4.671540647875587204e+00 3.686642120460621452e+00
4.677823961431464284e+00 3.595443626145303551e+00
4.684108235097336426e+00 3.484329597759228125e+00
4.690391798870516382e+00 4.054429919504304536e+00
4.696675467203847987e+00 3.839191432275789406e+00
4.702958737792436672e+00 4.260817199411718548e+00
4.709239588303709922e+00 4.328986327022438019e+00
4.715521529300301218e+00 4.526832239156914461e+00
4.721804241650856326e+00 4.932932226579286983e+00
4.728088995851720711e+00 5.048401645872270471e+00
4.734372372593826483e+00 5.573092482006690496e+00
4.740653441478511532e+00 5.882669723424034380e+00
4.746937690136521226e+00 6.533962830630343888e+00
4.753220866740556438e+00 7.156413717599995117e+00
4.759499584445610942e+00 7.823925542293611812e+00
4.765784674643524177e+00 8.755701475422558389e+00
4.772072066667437440e+00 9.481019724035133933e+00
4.778354574712954772e+00 1.070014164169469062e+01
4.784639688699459548e+00 1.205379348682381924e+01
4.790924571112255670e+00 1.337325542240703591e+01
4.797207630427470448e+00 1.595598076361224749e+01
4.803491281906666188e+00 1.863512068696807233e+01
4.809774797188141271e+00 2.140462866622021565e+01
4.816055012942697999e+00 2.257726837715900103e+01
4.822335756210613056e+00 1.214758573194448672e+03
4.828618372965728156e+00 4.559061884417721558e+03
4.834902420031529147e+00 2.456679501494292239e+01
4.841185408631580422e+00 2.401229635503203497e+01
4.847466912745727718e+00 2.025356844470645257e+01
4.853753607692918415e+00 1.675225344771905256e+01
4.860040654770696023e+00 1.484563662028677555e+01
4.866322071713594433e+00 1.327031787194907331e+01
4.872604241020684235e+00 1.180606478483970356e+01
4.878889019589767173e+00 1.068479431177440375e+01
4.885169833709484877e+00 9.861349204321680162e+00
4.891451276335970988e+00 8.960189185348955476e+00
4.897735676523086390e+00 8.262680375336229233e+00
4.904020888466774863e+00 7.508386275574386204e+00
4.910302466098539043e+00 6.970974517639577428e+00
4.916582728670469749e+00 6.604733844411266652e+00
4.922870405746558653e+00 6.314634125508574058e+00
4.929152603204811633e+00 5.971514582826395134e+00
4.935433400905724355e+00 5.731598774423627418e+00
4.941720002621369012e+00 5.541777460563978686e+00
4.948000629162284447e+00 5.390714015919402691e+00
4.954284600437537378e+00 5.300833414749798855e+00
4.960568964118362345e+00 5.367185348072204931e+00
4.966849452054189484e+00 5.265557703826547531e+00
4.973133312553746244e+00 5.186438705700827434e+00
4.979416667731975110e+00 5.151872379941292657e+00
4.985701847394269137e+00 5.167975098782877197e+00
4.991986126907685062e+00 5.259741298220911077e+00
4.998266089552569014e+00 5.712143234722172558e+00
5.004548850075229538e+00 5.772781510454561449e+00
5.010834613416704109e+00 5.932924017460700306e+00
5.017114133618883365e+00 6.063610758568779957e+00
5.023396754503464123e+00 6.344087346594996291e+00
5.029682555385535103e+00 6.667750587199607004e+00
5.035962952494468681e+00 8.231001195068639475e+00
5.042248916723991670e+00 8.161591916551900638e+00
5.048534518437475249e+00 8.610489415142259517e+00
5.054817055058077102e+00 8.959065581482388296e+00
5.061103124450734292e+00 1.021493202856141025e+01
5.067385418511126005e+00 1.150841799179919178e+01
5.073665350133166108e+00 1.395487836691226846e+01
5.079944158568527435e+00 1.279072150792568685e+01
5.086229157971559722e+00 4.450909458857303434e+03
5.092516081670024342e+00 1.253619442111168780e+01
5.098799062815714933e+00 1.371334723914707965e+01
5.105081564999609967e+00 1.213984563228568803e+01
5.111362075909486435e+00 1.193122180824956402e+01
5.117646708276604173e+00 9.738711630477656200e+00
5.123931579419740423e+00 8.543890430026438665e+00
5.130214175713612157e+00 7.843064794166663134e+00
5.136495802354272833e+00 7.265638574996813759e+00
5.142780182582010973e+00 6.825748973626534877e+00
5.149064547742418618e+00 6.834077113137545290e+00
5.155344632471284605e+00 6.509535306481849304e+00
5.161628512901673460e+00 5.888931824662858361e+00
5.167914708882204167e+00 5.537736826099523668e+00
5.174198770587969065e+00 5.259344959823105015e+00
5.180481984271699147e+00 5.189213066505713456e+00
5.186765863297754464e+00 5.099067479603232478e+00
5.193047702705746893e+00 5.080245201311134551e+00
5.199327701301567295e+00 4.963431348857568537e+00
5.205610051315074038e+00 4.895707210579130830e+00
5.211893783792568513e+00 4.803094656192887335e+00
5.218178654991308285e+00 4.876748499490702216e+00
5.224460565579556182e+00 5.037918774346742623e+00
5.230741351715697540e+00 5.021168289705901344e+00
5.237027120177700112e+00 5.122224798661919820e+00
5.243314739467697549e+00 5.499220311240514469e+00
5.249595278023606149e+00 5.366461448188708516e+00
5.255875849079584938e+00 5.628522077988792560e+00
5.262158673469957471e+00 6.594920301962931219e+00
5.268439395112831214e+00 6.339788590132350521e+00
5.274722108206590931e+00 6.505973918972604686e+00
5.281007345641278938e+00 8.346721909600711697e+00
5.287293380248259567e+00 7.823741593115201454e+00
5.293576735145029133e+00 8.425626250532516792e+00
5.299860851423467523e+00 1.078990367671526940e+01
5.306144493245258609e+00 1.073049244945382164e+01
5.312427159026070100e+00 1.195118097166811744e+01
5.318710177455853838e+00 1.603178714930839632e+01
5.324993165098304893e+00 1.471896074001732657e+01
5.331278074387978627e+00 1.203952294378397703e+01
5.337561778582737837e+00 4.191518739663842098e+03
5.343844392417137712e+00 1.610840322992530815e+01
5.350127046241198059e+00 1.425803960670023862e+01
5.356410632573585850e+00 1.424707810819749376e+01
5.362696075374680404e+00 1.091164425070785882e+01
5.368977622023428431e+00 9.462913667832413722e+00
5.375259264787404234e+00 9.069840497196748785e+00
5.381542175673222239e+00 8.680775955894935336e+00
5.387824976115930475e+00 7.050275275226570493e+00
5.394108529100064331e+00 6.612521316606087218e+00
5.400390002504265929e+00 7.108965171979467534e+00
5.406673750202084960e+00 5.779834558282304968e+00
5.412955699794467890e+00 5.297329715590946009e+00
5.419237955148318520e+00 5.600556097191692118e+00
5.425523090525197212e+00 4.945717851149395550e+00
5.431805715860540396e+00 4.606775242162383321e+00
5.438090831113179924e+00 4.575073223353459007e+00
5.444374481405862554e+00 4.519548758742783612e+00
5.450656385985535479e+00 4.301366886784577126e+00
5.456941012042004324e+00 4.284460312096816992e+00
5.463223574256159232e+00 4.018131164346435469e+00
5.469506233746614043e+00 4.198810826865390311e+00
5.475791313392783799e+00 4.212862258131538695e+00
5.482076520806099751e+00 4.071053279509144751e+00
5.488361758921633360e+00 3.970582028764053195e+00
5.494642978338553085e+00 4.490432645847598714e+00
5.500922328851260090e+00 4.755322078646014639e+00
5.507204020884158169e+00 3.972018783740570491e+00
5.513487086383534574e+00 4.974036638966217616e+00
5.519772673170036725e+00 5.617669674090890908e+00
5.526055063335959083e+00 5.751687672193598999e+00
5.532333106276354329e+00 4.646073023918082967e+00
5.538615491667449930e+00 6.924355961213557009e+00
5.544903720115636148e+00 8.071493610820734688e+00
5.551187288815954801e+00 9.238423621803391939e+00
5.557470531467981090e+00 6.417180500594484194e+00
5.563755611658447897e+00 1.022253238975442713e+01
5.570037554875349350e+00 1.291417835872837713e+03
5.576319117887759802e+00 9.739449573927531745e+00
5.582602002155147680e+00 7.201450133813701804e+00
5.588888631490213754e+00 1.025259446651819140e+01
5.595175275496153233e+00 8.723385631745786739e+00
5.601458712915984961e+00 5.229196949911921521e+00
5.607739290868620330e+00 7.262947328383344114e+00
5.614020862542647983e+00 6.504208316814790614e+00
5.620301751604071860e+00 5.858322150817353524e+00
5.626585003660349749e+00 4.458053250383497534e+00
5.632870193703824135e+00 5.542864996762951968e+00
5.639149634200363970e+00 5.197633071956677675e+00
5.645432108629827361e+00 4.763223272778851047e+00
5.651717488754057328e+00 4.270270504158576230e+00
5.658002094958268557e+00 4.938014612709811679e+00
5.664286976960462461e+00 4.729824241366108240e+00
5.670566925585673879e+00 4.409774355889002351e+00
5.676852042208761162e+00 4.866350127494944111e+00
5.683137388589912575e+00 4.790952848606249148e+00
5.689418158699685257e+00 5.098890421616503410e+00
5.695702068056029077e+00 5.016882860542601463e+00
5.701985967982890813e+00 5.329695937597390909e+00
5.708271056387263620e+00 5.780545952344517069e+00
5.714552979709825564e+00 5.762853384537457657e+00
5.720831601415190093e+00 6.327524108529440028e+00
5.727115355927898221e+00 7.009548434815082274e+00
5.733398957275753105e+00 6.770126672253357292e+00
5.739684091351107575e+00 8.197727048097172897e+00
5.745967659604392708e+00 8.432150343789480473e+00
5.752250391047120992e+00 9.070307031575497447e+00
5.758534671789668380e+00 1.083414591866712051e+01
5.764815058099513223e+00 1.011111390493922180e+01
5.771097431484660589e+00 1.412162874389804124e+01
5.777380386878713026e+00 1.605563769914539662e+01
5.783664936364128373e+00 1.426814958460713889e+01
5.789947151929451863e+00 1.869300602476424444e+01
5.796231493774793186e+00 1.351211652547953435e+01
5.802516691340624533e+00 3.881235869672976150e+03
5.808797995112186641e+00 2.066204378433659627e+01
5.815082184083208539e+00 1.685088702613905198e+01
5.821365271507954020e+00 1.656341479933164607e+01
5.827645525290467532e+00 1.209842107600746175e+01
5.833928171908906890e+00 1.350028893066125590e+01
5.840215967589452717e+00 1.202470012264677734e+01
5.846501812893647454e+00 1.024518999373091432e+01
5.852781909673957728e+00 1.076732943482669569e+01
5.859063783293738226e+00 8.985220878303552539e+00
5.865349571500913406e+00 9.984974672670858808e+00
5.871632939480924129e+00 9.285773130157892297e+00
5.877914823986006176e+00 8.625741710217360136e+00
5.884196626054889023e+00 8.912798501349678659e+00
5.890479074317132913e+00 8.720420225952329574e+00
5.896763574100915228e+00 9.175614692824428431e+00
5.903046036848450306e+00 8.972264531182370106e+00
5.909328377713869429e+00 8.964573158197701730e+00
5.915613028288355224e+00 9.853633784641873561e+00
5.921894409622731281e+00 9.941646566369367832e+00
5.928177134794152536e+00 1.033919705923592680e+01
5.934464774883918992e+00 1.068308823254061402e+01
5.940751250578068188e+00 1.215678204414910546e+01
5.947033452245725549e+00 1.301433555931799013e+01
5.953312775740306151e+00 1.335542376653187269e+01
5.959594106507988265e+00 1.439672094301205085e+01
5.965876424548630652e+00 1.708487936725419942e+01
5.972161112468720390e+00 1.882390113745596238e+01
5.978446099492319199e+00 1.959925551486904993e+01
5.984727467931779010e+00 2.106635643253926204e+01
5.991012985181142447e+00 2.827603942221542610e+01
5.997297612744741713e+00 3.229256811981359476e+01
6.003577416164464609e+00 3.321217087970059367e+01
6.009860806138807909e+00 3.310580710065181620e+01
6.016144510375737831e+00 7.452423084273878885e+03
6.022426254013592661e+00 3.699853060703765806e+01
6.028706803290871719e+00 3.392425280782713060e+01
6.034987951204773715e+00 3.833735950259910652e+01
6.041274067685003857e+00 3.096757117496592571e+01
6.047558134944117647e+00 2.548803361187851024e+01
6.053840825089524813e+00 1.913639537042682903e+01
6.060125328398456190e+00 2.071821922577028019e+01
6.066409969294784155e+00 1.783836606942222147e+01
6.072694327029352301e+00 1.578266004295586100e+01
6.078974651295977694e+00 1.292528044616105909e+01
6.085257277597498238e+00 1.341256149220809135e+01
6.091541245232643398e+00 1.198037331229917335e+01
6.097826243439735450e+00 1.024560984161179178e+01
6.104111770776667889e+00 9.223931036960218321e+00
6.110396747466277034e+00 9.196347878299611978e+00
6.116679071538609236e+00 8.272468874190439081e+00
6.122958529493147672e+00 7.432246415875331635e+00
6.129240445810509641e+00 7.001804334785130202e+00
6.135524780557309654e+00 6.830575595324201110e+00
6.141807474577858805e+00 6.273826612488590193e+00
6.148089386189230510e+00 5.706182322701745413e+00
6.154375713159891070e+00 5.514241336381553893e+00
6.160661139581105950e+00 5.254107517438663777e+00
6.166941022971138331e+00 4.890584684696452911e+00
6.173222562097184785e+00 4.557316199041075322e+00
6.179507647741183440e+00 4.470926239957270454e+00
6.185789356936125749e+00 4.251962640665023940e+00
6.192072249861043431e+00 4.020555359816211372e+00
6.198356783359496802e+00 3.790334072786903707e+00
6.204641274559973496e+00 3.729810425844585886e+00
6.210924271106035732e+00 3.562482023152143018e+00
6.217206768102415460e+00 3.420587092341905944e+00
6.223486202302879633e+00 3.249201045986128022e+00
6.229767722260432627e+00 3.223673294800081912e+00
6.236054214854060085e+00 3.106020345759673784e+00
6.242340046436461343e+00 2.988258039880999917e+00
6.248623268972994360e+00 2.917822383281843734e+00
6.254906079998900026e+00 2.895243910636878581e+00
6.261190798611801611e+00 2.818346540599614869e+00
6.267470893840453527e+00 2.749829285939130674e+00
6.273752395561465356e+00 2.708184980100114991e+00
6.280038415116336203e+00 2.710252895990468591e+00
6.286322359143823313e+00 2.664972934372114910e+00
6.292605930180390494e+00 2.631724297211592845e+00
6.298890629102372074e+00 2.617342701764346913e+00
6.305171573266470375e+00 2.626616885752675934e+00
6.311455101240412091e+00 2.609671551884174434e+00
6.317739752668598996e+00 2.626049900787042812e+00
6.324019791664828638e+00 2.637022300641646666e+00
6.330300090404453961e+00 2.682773974133476180e+00
6.336582976227302488e+00 2.704562696892203189e+00
6.342866512790590328e+00 2.730295121574444206e+00
6.349149664171966911e+00 2.782128854176957766e+00
6.355436214245748339e+00 2.865187795277242877e+00
6.361722100221464338e+00 2.891128097748902004e+00
6.368004157429771439e+00 2.988276545184826993e+00
6.374285543992137093e+00 3.062077462539542161e+00
6.380569360201161722e+00 3.145286986525785089e+00
6.386853196179592906e+00 3.241769234195158944e+00
6.393134053012607509e+00 3.409494954091487173e+00
6.399418824019404539e+00 3.496725183630012168e+00
6.405704396360532904e+00 3.593370131238923459e+00
6.411984928491945013e+00 3.665104513881504378e+00
6.418265745466296579e+00 3.893718276239967135e+00
6.424549958658937854e+00 3.931506225841859603e+00
6.430834939158401653e+00 4.045655732550923034e+00
