8.899641653093008295e-03 3.410792424128605838e+00
1.539332528288165670e-02 4.016245947943793304e+00
2.155046762996598239e-02 3.864893863075657521e+00
2.783660762585126597e-02 3.393984541933761090e+00
3.439928854529101382e-02 2.867502946120042306e+00
4.083988908678293228e-02 2.428748607635498047e+00
4.696089820801348236e-02 2.125570015285326075e+00
5.319831544433587661e-02 1.925374848502022784e+00
5.953007160048735813e-02 1.782424016584429838e+00
6.593106050382960270e-02 1.655044491641171289e+00
7.211112823241795644e-02 1.526498960837339824e+00
7.840743265709380905e-02 1.371413075385252922e+00
8.486374147573563786e-02 1.205101371524071263e+00
9.105720993371453631e-02 1.060531531237569602e+00
9.723119438183111529e-02 9.378718942110655377e-01
1.035474523099094157e-01 8.383093066579706543e-01
1.098380096325790867e-01 7.553426190581552513e-01
1.160878800454857029e-01 6.840802989371451703e-01
1.223769048302436324e-01 6.236967661772349070e-01
1.287591547856025143e-01 5.696893941477166878e-01
1.350589943281513827e-01 5.240833286487582843e-01
1.412290290659165837e-01 4.842475138645068733e-01
1.475161690700088069e-01 4.486772238359152398e-01
1.537996369822966225e-01 4.161124485017934638e-01
1.601026478659483554e-01 3.875524357413016041e-01
1.664508001660549019e-01 3.622557143520105383e-01
1.727583237560037233e-01 3.385240900203902448e-01
1.790245845132147351e-01 3.178571280786546271e-01
1.852702546080971790e-01 2.988177946180868849e-01
1.914887492119529966e-01 2.819146911513448206e-01
1.977904085892937536e-01 2.659646431430683911e-01
2.041115446406587541e-01 2.513084255304769421e-01
2.104256850836569714e-01 2.377337410910087545e-01
2.167058561960866769e-01 2.253113904795236988e-01
2.229761248051159717e-01 2.140565163419325956e-01
2.292828550697881274e-01 2.032575609576420250e-01
2.355310205895554676e-01 1.935060743907626168e-01
2.418144967727207939e-01 1.844188097512346469e-01
2.481043196360692704e-01 1.759700777096539215e-01
2.543667409246888611e-01 1.680847203710594540e-01
2.606678092543103231e-01 1.606441059179007091e-01
2.669430136113040697e-01 1.533466015590237708e-01
2.732519464783976226e-01 1.468201923425710986e-01
2.795627339315375770e-01 1.407204197721196592e-01
2.858373502475139438e-01 1.348639901542575681e-01
2.920953075698756729e-01 1.294015536769972663e-01
2.983525092968341563e-01 1.241373171332114250e-01
3.046702740008471189e-01 1.192401861845925198e-01
3.109590627528140416e-01 1.145260460544254982e-01
3.172239916515500191e-01 1.100513500171703268e-01
3.235299724572279767e-01 1.058847762630616834e-01
3.298388395071043533e-01 1.018958798929514020e-01
3.361383844359337458e-01 9.804903342476462003e-02
3.423877713306480719e-01 9.446028043345128244e-02
3.486623155692267217e-01 9.105935279857911568e-02
3.549448882949312045e-01 8.768199551576541517e-02
3.611996781549324798e-01 8.445464674693242690e-02
3.674875026172954029e-01 8.146727025586046611e-02
3.737698636248200090e-01 7.855362967880413771e-02
3.800714314497639634e-01 7.576761473820298187e-02
3.863585763589229560e-01 7.310256938642228919e-02
3.926354401118986037e-01 7.046786085938136490e-02
3.989457585494922132e-01 6.803070250827993048e-02
4.052156663313305485e-01 6.561679527407787704e-02
4.115034152883392804e-01 6.338189982176610504e-02
4.177905076349040514e-01 6.112221573523912710e-02
4.240487051047501788e-01 5.904145169366074863e-02
4.303463415118498614e-01 5.692992821295967537e-02
4.366358695421740932e-01 5.502350456797011624e-02
4.429029287921816826e-01 5.312550344740709501e-02
4.491680252572889942e-01 5.138447322987291926e-02
4.554486850820457788e-01 4.951915933884985799e-02
4.617725565885423267e-01 4.779422359693136918e-02
4.680757412093953795e-01 4.615436064670778299e-02
4.743564916629640638e-01 4.458259846113153679e-02
4.806425428564732871e-01 4.296830647175078205e-02
4.869129233098823395e-01 4.148137965579830333e-02
4.931745196394184405e-01 4.010711466518841750e-02
4.994506890543656263e-01 3.869406378235230870e-02
5.057241638978529075e-01 3.731589061712003996e-02
5.120042719980517631e-01 3.597791419942357460e-02
5.183192340646139984e-01 3.472132389215683290e-02
5.246161892892522438e-01 3.353279220419421586e-02
5.308869673046785476e-01 3.231247365074311345e-02
5.371637224096752483e-01 3.113679415352954560e-02
5.434652729571635144e-01 3.004363624875709682e-02
5.497524178004593587e-01 2.900901563959825888e-02
5.559970921381958142e-01 2.786029974112235602e-02
5.622866379023159222e-01 2.690155876874362681e-02
5.686033203527380842e-01 2.589436146340736919e-02
5.748823709563090079e-01 2.492715015393560246e-02
5.811585199734176088e-01 2.398004026384271958e-02
5.874446517276211699e-01 2.311987832236931870e-02
5.937246335834056588e-01 2.225256164453843014e-02
6.000023445208265693e-01 2.139603660356448334e-02
6.062700655927123483e-01 2.058276213492036058e-02
6.125564878198721530e-01 1.986157318712484035e-02
6.188675697062213654e-01 1.904732411892446492e-02
6.251436203714340056e-01 1.829372500007559604e-02
6.314092032308914471e-01 1.759667850019934129e-02
6.377070744462735030e-01 1.693417646537376253e-02
6.439915699782213787e-01 1.623760446022381662e-02
6.502746657481665027e-01 1.555552945801265755e-02
6.565654463687421449e-01 1.499717473111175127e-02
6.628457378217490481e-01 1.434592608686664078e-02
6.691273712706959920e-01 1.376729005636185763e-02
6.754135024521100705e-01 1.319267513727730677e-02
6.816942288653291548e-01 1.264923300006293161e-02
6.879707219643064198e-01 1.216186660586089825e-02
6.942401964891569133e-01 1.161032039383525123e-02
7.005213539313046578e-01 1.112874426507607512e-02
7.068163049835881617e-01 1.067130600322157945e-02
7.131046379544038194e-01 1.021620673646686690e-02
7.193979933183044517e-01 9.766403816899159318e-03
7.256912769458278012e-01 9.326487097121376538e-03
7.319732112087881104e-01 8.968285378063222540e-03
7.382575498732680819e-01 8.528516435145178445e-03
7.445309219837563663e-01 8.163879549444577263e-03
7.507908721544984676e-01 7.789596223433364018e-03
7.570762748651901353e-01 7.475188352558128323e-03
7.633652442780797243e-01 7.117920092736898692e-03
7.696523768503739094e-01 6.784059269360450881e-03
7.759443911184177312e-01 6.492219110256412101e-03
7.822388793759307291e-01 6.170065659008182844e-03
7.885422505712965657e-01 5.894660058162803050e-03
7.947958170677573708e-01 5.634751738544797710e-03
8.010501857211035359e-01 5.375709704139919332e-03
8.073371699120777123e-01 5.113635205668302756e-03
8.136256953004623593e-01 4.870151313741208875e-03
8.199185768310989220e-01 4.632261372749681312e-03
8.261975950269245805e-01 4.438238136287222559e-03
8.324916626456120294e-01 4.199461404668748850e-03
8.387980487119468531e-01 4.001625090450407554e-03
8.450681625339854230e-01 3.818853705920952860e-03
8.513326310877129544e-01 3.643286964689678321e-03
8.576229699198910650e-01 3.453143804698220482e-03
8.639079722665760075e-01 3.291753232501730235e-03
8.701845317394016899e-01 3.145703154948704602e-03
8.764647451447489246e-01 3.003648525647039606e-03
8.827524554796379874e-01 2.863736043550133958e-03
8.890360933084631156e-01 2.737152566850426915e-03
8.953122302139767674e-01 2.629608557781665766e-03
9.015989135410911182e-01 2.512787145039583041e-03
9.078856597069530077e-01 2.410730443299003659e-03
9.141777176955673267e-01 2.329396407052832050e-03
9.204705311210197305e-01 2.253495471403330324e-03
9.267502199878263625e-01 2.188731964240389540e-03
9.330346272813238029e-01 2.124598469923965303e-03
9.393297286529698198e-01 2.085827159140788388e-03
9.456020466528652912e-01 2.059129680825813515e-03
9.518687891863797379e-01 2.031688159900082568e-03
9.581418737840891042e-01 2.024299555905826383e-03
9.644369887048810375e-01 2.025222944515776488e-03
9.707375181351720617e-01 2.046262480224460972e-03
9.770097663529486720e-01 2.087409778974644477e-03
9.832835755838400527e-01 2.129968111232768968e-03
9.895569992810110405e-01 2.191883590206768380e-03
9.958480710782616763e-01 2.263519246416956579e-03
1.002138575493429995e+00 2.365303850395768150e-03
1.008406592376542843e+00 2.477920498257795475e-03
1.014697842972237973e+00 2.612647899768907010e-03
1.020995892874764666e+00 2.755942037006415667e-03
1.027276368069287793e+00 2.954079068373107169e-03
1.033563189136701643e+00 3.150945404599770402e-03
1.039851148620366539e+00 3.375642725551426977e-03
1.046127943161246687e+00 3.599581321037043872e-03
1.052404895272092133e+00 3.871054431456850790e-03
1.058683000430492127e+00 4.174477796313145854e-03
1.064967127327474117e+00 4.503243347530175300e-03
1.071258688161570438e+00 4.848387798161791010e-03
1.077544330604543799e+00 5.216090559481229190e-03
1.083828423436568711e+00 5.655430073554185665e-03
1.090113342297217791e+00 6.118943498596007315e-03
1.096393171946581147e+00 6.573726054795821748e-03
1.102683425690332397e+00 7.099707446010749406e-03
1.108964675464843452e+00 7.658177431252817698e-03
1.115226705913353378e+00 8.222191586798620333e-03
1.121503167812783808e+00 8.884573155412828216e-03
1.127793382225193985e+00 9.533173519076490812e-03
1.134092036465484288e+00 1.031334217465089582e-02
1.140366923395659482e+00 1.110602984805091932e-02
1.146641931784804447e+00 1.193581267030277386e-02
1.152944617322677390e+00 1.285014742991603086e-02
1.159230356871362666e+00 1.380571551787539326e-02
1.165510994903905084e+00 1.475144581219116693e-02
1.171794297100004156e+00 1.571011874851025586e-02
1.178088255559602393e+00 1.694741052755290370e-02
1.184371772446566995e+00 1.813776069836950389e-02
1.190639487122887363e+00 1.937712346355676199e-02
1.196916336380001056e+00 2.065627157027768654e-02
1.203204375371396573e+00 2.185627738554313249e-02
1.209488225901738323e+00 2.372694641852810676e-02
1.215765679709200020e+00 2.496573851880553793e-02
1.222058041744503942e+00 2.653605162908625331e-02
1.228350115998196657e+00 2.848402585205418378e-02
1.234637679107109420e+00 3.034868606799304494e-02
1.240908145406735441e+00 3.236022793989457719e-02
1.247180835746598104e+00 3.418989120292891676e-02
1.253468531500335770e+00 3.632708771990338092e-02
1.259751636995439350e+00 3.842961280378523470e-02
1.266035077425267108e+00 4.095957959554577532e-02
1.272321570618527797e+00 4.357813319859299428e-02
1.278608208280544778e+00 4.575606353516395441e-02
1.284887298154571367e+00 4.898980874414827352e-02
1.291176964274221017e+00 5.190916243917468448e-02
1.297469848393144831e+00 5.516445519504760420e-02
1.303745183221867832e+00 5.793802108954845126e-02
1.310019952103037566e+00 6.170812503436647056e-02
1.316304889985511428e+00 6.526805349582984195e-02
1.322589692250816240e+00 6.884323154616626972e-02
1.328868076233011619e+00 7.351090314558036964e-02
1.335146302472670188e+00 7.825178408185322343e-02
1.341442338921303268e+00 8.281630304391182640e-02
1.347732504022160827e+00 8.756878023640793374e-02
1.354002360904259961e+00 9.332406475003686419e-02
1.360285090555885645e+00 9.799867433941659989e-02
1.366569991348876023e+00 1.045338245487407308e-01
1.372854357884312648e+00 1.107701041375570572e-01
1.379136732473180915e+00 1.190306546593890014e-01
1.385410660878153122e+00 1.253228712724195060e-01
1.391699780091347760e+00 1.334426851477134857e-01
1.397986514487977949e+00 1.410912023007946658e-01
1.404269431125305445e+00 1.515776612414554136e-01
1.410558481592738334e+00 1.621417427361960817e-01
1.416841921169897933e+00 1.716951432877191763e-01
1.423120638450376285e+00 1.859058889673239623e-01
1.429399525711986918e+00 1.982474156874625970e-01
1.435687195920436032e+00 2.126214670206955926e-01
1.441978909597384506e+00 2.304678909843745072e-01
1.448256353182435952e+00 2.474569079610295652e-01
1.454533979889224504e+00 2.678339368677434829e-01
1.460823291195719742e+00 2.912667016667647157e-01
1.467115297699349785e+00 3.127836955333721525e-01
1.473396431849603117e+00 3.411117719967054485e-01
1.479672187129404293e+00 3.751936827849001732e-01
1.485957336950811003e+00 4.069596026367546249e-01
1.492235428844137068e+00 4.559448903130322583e-01
1.498505563158792242e+00 5.023727815093735893e-01
1.504788033368229971e+00 5.567494528723165859e-01
1.511077562324459223e+00 6.146255688015778151e-01
1.517363063341846008e+00 6.902267889943259904e-01
1.523653270341324806e+00 7.705264498639127213e-01
1.529942912799504340e+00 9.125705911548109839e-01
1.536231829420274808e+00 1.029542404215094242e+00
1.542513327069792606e+00 1.201998810944076013e+00
1.548785556440221534e+00 1.367560789246448305e+00
1.555073465503286512e+00 1.561827951771684209e+00
1.561358245907146003e+00 1.771194320539821732e+00
1.567631451431686029e+00 2.034790976287140118e+00
1.573918013544226335e+00 2.417777041928614867e+00
1.580207648268701970e+00 2.722951151346379106e+00
1.586489494063065386e+00 3.636411122829993570e+00
1.592763080732128689e+00 4.452349283627073717e+00
1.599049662621118140e+00 4.262253102283573902e+00
1.605345053337696948e+00 4.679191558702922471e+00
1.611620459129566862e+00 7.515099280694061235e+03
1.617898365736541777e+00 4.903688352407086448e+00
1.624184845436249969e+00 5.383704751952506307e+00
1.630466505740439054e+00 4.581753780050037861e+00
1.636751035144561328e+00 3.634962421878296546e+00
1.643032775792161226e+00 3.136175156514470874e+00
1.649311205731157637e+00 2.666108700682633614e+00
1.655595559618384449e+00 2.286930220114424817e+00
1.661881635856505390e+00 2.026432487759532997e+00
1.668171353955333336e+00 1.814292542214200443e+00
1.674453350850270361e+00 1.617108860514736790e+00
1.680725924646356395e+00 1.423428723707284016e+00
1.687014542692673036e+00 1.242165239028472090e+00
1.693310190593907416e+00 1.083239557051356217e+00
1.699585582287156615e+00 9.904025478340080513e-01
1.705866511081394421e+00 8.652937016681544469e-01
1.712160676675390514e+00 7.941617849814203156e-01
1.718444821026641867e+00 7.094900198752218667e-01
1.724722780324677629e+00 6.497517524910787490e-01
1.730998407906060743e+00 5.977013995356552645e-01
1.737287228726877686e+00 5.566653524136226938e-01
1.743568303176275425e+00 5.186527977446275806e-01
1.749841689593745420e+00 4.827215533890016896e-01
1.756129388522271517e+00 4.537441773150740487e-01
1.762415116633644363e+00 4.223691683457138080e-01
1.768698244482999726e+00 4.025201056408712064e-01
1.774980086402522028e+00 3.817524054545272660e-01
1.781265981096536777e+00 3.597425664680639623e-01
1.787550624457374449e+00 3.422734561231591810e-01
1.793835833491845833e+00 3.262088115850396708e-01
1.800117311233924822e+00 3.137924633952610676e-01
1.806395490080128896e+00 3.013597590509652369e-01
1.812674669631440416e+00 2.879183634146622039e-01
1.818957879507353992e+00 2.788528502151803035e-01
1.825245306758315422e+00 2.702129158452730162e-01
1.831528271693480647e+00 2.603445906205454907e-01
1.837812827050599118e+00 2.542830278211249406e-01
1.844103367940866489e+00 2.449921957793853577e-01
1.850386948924649388e+00 2.386086069643963969e-01
1.856666935595761014e+00 2.338780386409612666e-01
1.862948995952047992e+00 2.270663211299555895e-01
1.869230662203537285e+00 2.259287981034287518e-01
1.875518523852231834e+00 2.196559580200579676e-01
1.881801828956604083e+00 2.170596836847946687e-01
1.888079605905484737e+00 2.148923935324761059e-01
1.894354917179238207e+00 2.113062730267368794e-01
1.900643508338552223e+00 2.120699381262989569e-01
1.906933681097740418e+00 2.073997804725926930e-01
1.913208537729330194e+00 2.096792123361272131e-01
1.919491876081842907e+00 2.081706319122179072e-01
1.925778583551117418e+00 2.081959938341558236e-01
1.932066442879381896e+00 2.094854787385784789e-01
1.938345779800252577e+00 2.062341428909761631e-01
1.944621163117130624e+00 2.155276602551343679e-01
1.950906419736068598e+00 2.106682992594379189e-01
1.957194922928259695e+00 2.167671528861282171e-01
1.963480698366232735e+00 2.190249185411444754e-01
1.969761129083444473e+00 2.188745410287114279e-01
1.976050304691988391e+00 2.301816627216561051e-01
1.982339908457910083e+00 2.259350609453651959e-01
1.988618349245825812e+00 2.398795767609318286e-01
1.994897766502643721e+00 2.405920180140354858e-01
2.001180771161680028e+00 2.447650034301628308e-01
2.007460336186321026e+00 2.610702280282924392e-01
2.013738753216055777e+00 2.540727882354766876e-01
2.020018986124832772e+00 2.820804137958629609e-01
2.026310836118350167e+00 2.761397235668692773e-01
2.032601207862052561e+00 2.935335532597820873e-01
2.038875504895327317e+00 3.076098266509237344e-01
2.045155551699306962e+00 3.018441450380076607e-01
2.051445731990026999e+00 3.492396695324693212e-01
2.057731375213294633e+00 3.318494440299503689e-01
2.064016423384301913e+00 3.766960538423763660e-01
2.070302827783211619e+00 3.772456175036246195e-01
2.076590615358942848e+00 3.915621881578276731e-01
2.082865814675600280e+00 4.443814187310423658e-01
2.089135078390696343e+00 4.179290102627772341e-01
2.095424699602885799e+00 5.102111096530702605e-01
2.101708259047597949e+00 4.879416693652272041e-01
2.107987807301212158e+00 5.493739878835454116e-01
2.114274337075186416e+00 5.962758621295496386e-01
2.120555211422834319e+00 5.473671326959526073e-01
2.126838540980260372e+00 7.608051729521562168e-01
2.133123767198004117e+00 6.617814758977926815e-01
2.139413031894335848e+00 8.489326137681616480e-01
2.145698041890389263e+00 8.292842228629310197e-01
2.151974340624452253e+00 8.837408771779526884e-01
2.158260630891077003e+00 1.127481933686952820e+00
2.164546658731809625e+00 9.609758347695392944e-01
2.170832823837292480e+00 1.474883957873916795e+00
2.177115967197242430e+00 1.247406889264019769e+00
2.183389032615354441e+00 1.708644901733920918e+00
2.189670975244353279e+00 1.800476278683738940e+00
2.195960831894089527e+00 1.575406403251486287e+00
2.202245817416866203e+00 3.075561481039890133e+00
2.208524601220368755e+00 2.115892146091872483e+00
2.214805589383115780e+00 3.967434151126797648e+00
2.221093631642824917e+00 2.919381901739072749e+00
2.227374275520719316e+00 4.196954606336450233e+00
2.233658333286540287e+00 4.911174344237175582e+00
2.239946072329966231e+00 3.834132035684913564e+00
2.246226850917138140e+00 9.201794958627678156e+00
2.252506781988718565e+00 5.917423328701425511e+00
2.258783643789477491e+00 1.307834094563533966e+01
2.265069381259946724e+00 7.565978799381140263e+00
2.271351266578538919e+00 5.312282190091975664e+00
2.277635010148555850e+00 7.758634134313800132e+03
2.283922963308533394e+00 7.823987623395541213e+00
2.290204538958168001e+00 1.443640779084722858e+01
2.296492854789115245e+00 6.125140945896974998e+00
2.302773836462560286e+00 6.504139632011568750e+00
2.309052848528886148e+00 7.096429453190213898e+00
2.315340397783157922e+00 3.820644217120467534e+00
2.321629550362612981e+00 5.869475200759082689e+00
2.327914834812394584e+00 3.212765568382225823e+00
2.334189028016975698e+00 3.744626631479701206e+00
2.340468735514670495e+00 3.205958617497158158e+00
2.346757573269963704e+00 2.156865044845579948e+00
2.353046701279460251e+00 2.997498469665366816e+00
2.359329919851476554e+00 1.807702289774524296e+00
2.365603805485394950e+00 2.034885939584283321e+00
2.371887442159951398e+00 1.696118023660403651e+00
2.378175480496420580e+00 1.292883318291533357e+00
2.384455602231496218e+00 1.669854658385093282e+00
2.390737631861327372e+00 1.156483837174498541e+00
2.397015688929587718e+00 1.264943148788586491e+00
2.403297559533717376e+00 1.077915600765926962e+00
2.409586419743307228e+00 9.510833922655039796e-01
2.415875314660682172e+00 1.034515687830773301e+00
2.422164535679191655e+00 8.189294571934809808e-01
2.428442137972055104e+00 8.986377759922041797e-01
2.434719213815070837e+00 7.651152349001815178e-01
2.441002915255427563e+00 7.402949667026723635e-01
2.447292244015294216e+00 7.308810072837744753e-01
2.453574548397714494e+00 6.323961662847049636e-01
2.459853950840888093e+00 6.859291816348641602e-01
2.466141393364139400e+00 5.994372853342974095e-01
2.472424340910468477e+00 5.967375953639025843e-01
2.478699559716526224e+00 5.742018073368844178e-01
2.484981956405843295e+00 5.238370156523753929e-01
2.491271774374293368e+00 5.558103724189834560e-01
2.497550925125272325e+00 5.025434091819711568e-01
2.503833126215876170e+00 5.065080602378283503e-01
2.510118697329297710e+00 4.862918056907293840e-01
2.516402124721602629e+00 4.720836493229715325e-01
2.522689938852853420e+00 4.774279742180733699e-01
2.528973288009538134e+00 4.429488040783100544e-01
2.535253600549877362e+00 4.677409156469320983e-01
2.541538941914911476e+00 4.470857106786915725e-01
2.547825021627405206e+00 4.412538425016704347e-01
2.554103008122937002e+00 4.422548884252478496e-01
2.560378237915397648e+00 4.406701687017302027e-01
2.566669017775174755e+00 4.557681673025643088e-01
2.572956571054420216e+00 4.366047097240862707e-01
2.579236104287966125e+00 4.493942773137969970e-01
2.585522655546601989e+00 4.681242382643412969e-01
2.591808172184224546e+00 4.622398964615391792e-01
2.598087543498381002e+00 4.682613576241600462e-01
2.604361437550918978e+00 4.884991789064835332e-01
2.610647591905687293e+00 5.171347063242418551e-01
2.616933270352379548e+00 5.161567442578454123e-01
2.623207934884185466e+00 5.041169543269735653e-01
2.629492944384940412e+00 5.896881396295782229e-01
2.635779602277390499e+00 6.019330424279957237e-01
2.642061794567720945e+00 6.115839356472382304e-01
2.648344685049869529e+00 6.161438868066202446e-01
2.654633852395646088e+00 7.356444436235063389e-01
2.660920832685793602e+00 7.733472484539084535e-01
2.667200003651473139e+00 7.676644782225712227e-01
2.673485665061926309e+00 8.357299473470969353e-01
2.679774189917022653e+00 1.027703335081435743e+00
2.686059197445316293e+00 1.097962257304364142e+00
2.692340742040600254e+00 1.025558801585855662e+00
2.698619785325931719e+00 1.279115557393623481e+00
2.704896067289608741e+00 1.617575091723122194e+00
2.711176296267862273e+00 1.782095910012933215e+00
2.717460477624493720e+00 1.394662257158822971e+00
2.723746785600710485e+00 2.399367136272594347e+00
2.730040839622854598e+00 2.724479303781445427e+00
2.736320462271965681e+00 2.971195567985505992e+00
2.742593167856604897e+00 2.158891477253262359e+00
2.748880654965284887e+00 4.133418856911389661e+00
2.755164406907204988e+00 4.937360782626500466e+00
2.761447966179410241e+00 6.028213716817071521e+00
2.767734949986044413e+00 4.099247382118435645e+00
2.774018204230510154e+00 8.066396303549291602e+00
2.780299459131881701e+00 6.440929512069182294e+00
2.786578380850841974e+00 3.583400452362268425e+03
2.792858749059577761e+00 4.411109776864758913e+00
2.799144688897090116e+00 8.646849885964920546e+00
2.805431744286055018e+00 7.158583441526016777e+00
2.811716466586489993e+00 3.184732212642880089e+00
2.817990514261363710e+00 5.260801810416572799e+00
2.824271178017407902e+00 4.214174136929525361e+00
2.830565310473360352e+00 3.386069321025203749e+00
2.836850361681537702e+00 2.163896979588011860e+00
2.843131259198828698e+00 2.974805216209618575e+00
2.849415373186487965e+00 2.496741309837127609e+00
2.855698064670956882e+00 1.830480973179622106e+00
2.861978975302818640e+00 1.672156295257633207e+00
2.868263635614905827e+00 1.749067216159297056e+00
2.874548572895146759e+00 1.470407906528800046e+00
2.880833509046437424e+00 1.043685876590805695e+00
2.887115914775806313e+00 1.267126708836623150e+00
2.893396211301912935e+00 1.115750761109645772e+00
2.899675259048415388e+00 9.552695350305856481e-01
2.905955807169823046e+00 8.271674553601006119e-01
2.912242784565592046e+00 9.069964232345499866e-01
2.918528489082492516e+00 8.208764027779930084e-01
2.924812236943901578e+00 7.138411415695424811e-01
2.931097264553834236e+00 6.921765021098403858e-01
2.937379046647154990e+00 7.021146318229887218e-01
2.943662417245681340e+00 6.474789448668513137e-01
2.949948997849719756e+00 5.875228243767952607e-01
2.956228453902073561e+00 6.010710275439751227e-01
2.962510840116227673e+00 5.797587230764063015e-01
2.968797192440125965e+00 5.467390835277661232e-01
2.975078489423049533e+00 5.164752469201114859e-01
2.981360447198230457e+00 5.404540855668114041e-01
2.987647323528414223e+00 5.222316268244460158e-01
2.993932064934300641e+00 4.977489830951618011e-01
3.000209551562139421e+00 4.926428240729408548e-01
3.006487470944601892e+00 5.018466943883707065e-01
3.012770586989486521e+00 4.925704914470470097e-01
3.019055028984091837e+00 4.839336563554691439e-01
3.025339593109035885e+00 4.905325485885291270e-01
3.031624651041083141e+00 5.000093236727537471e-01
3.037909525040372927e+00 4.975069592591107592e-01
3.044196264475506730e+00 5.000273036292458562e-01
3.050477886447245712e+00 5.206148521926119432e-01
3.056756711732924625e+00 5.297631688773261072e-01
3.063041213115731409e+00 5.405143530587548373e-01
3.069324013399330031e+00 5.579204555239386520e-01
3.075611272807551533e+00 5.769448101603160683e-01
3.081895489281643030e+00 5.974433258342085606e-01
3.088176199887292306e+00 6.275215667730855706e-01
3.094459112917897325e+00 6.506665337289490036e-01
3.100744234350492956e+00 7.046641868916050377e-01
3.107029324214496846e+00 7.407296138038479416e-01
3.113310425776543600e+00 7.923988567342703515e-01
3.119592029507459507e+00 8.296668683569866642e-01
3.125875559417674587e+00 9.005360832223885392e-01
3.132160147770352676e+00 9.546808289710418949e-01
3.138440210879888337e+00 1.100719185752324636e+00
3.144724491651683440e+00 1.179660940012659198e+00
3.151004924765398840e+00 1.345416300612182647e+00
3.157285342196649136e+00 1.446455635920623983e+00
3.163570603826113992e+00 1.599894778727792399e+00
3.169852350185627277e+00 1.805088825329695057e+00
3.176138770387999966e+00 2.060862346029611381e+00
3.182422419512343836e+00 2.244549910657330560e+00
3.188703671424619746e+00 2.625112602051393296e+00
3.194991280550246948e+00 2.982993703970905575e+00
3.201276738120839127e+00 3.697111787483248424e+00
3.207553033218304872e+00 4.610092153036716489e+00
3.213836161597863672e+00 3.051083551849319342e+00
3.220123259784395398e+00 2.130543025485022554e+03
3.226407551420531483e+00 3.952747241477702733e+00
3.232689305629245613e+00 4.491243042068664870e+00
3.238971071582136041e+00 3.645870029320879890e+00
3.245255685894246067e+00 3.128649248853056619e+00
3.251535715250951863e+00 2.776193399654940830e+00
3.257819502328903827e+00 2.428847277413366701e+00
3.264103492610594071e+00 2.215050197393555909e+00
3.270384810144397303e+00 1.962031981485640841e+00
3.276670428022039783e+00 1.852142713139110386e+00
3.282955566270326919e+00 1.718400823530097821e+00
3.289237716703969916e+00 1.576205837833819068e+00
3.295520653962330293e+00 1.454943796890158181e+00
3.301807644101458550e+00 1.348867300968146443e+00
3.308089302529158449e+00 1.294448032417125471e+00
3.314368987794545252e+00 1.203020596522296870e+00
3.320652691368451315e+00 1.168606774419229222e+00
3.326932422871479833e+00 1.115623362080273795e+00
3.333218115701501727e+00 1.087891546189105663e+00
3.339505861603602188e+00 1.061419042817185465e+00
3.345788344868127595e+00 1.049997923167293346e+00
3.352073190624765164e+00 1.037862931650865406e+00
3.358352694183646125e+00 1.057071935038364163e+00
3.364631227903127186e+00 1.054033955924311927e+00
3.370918965384773536e+00 1.043321403259316993e+00
3.377201513381668629e+00 1.060985618776161266e+00
3.383485934595764633e+00 1.114011151560972079e+00
3.389772491671652066e+00 1.120095987899972334e+00
3.396053991719500509e+00 1.128008679233558853e+00
3.402334005192525712e+00 1.147943282355349037e+00
3.408611853508482170e+00 1.238983137615841779e+00
3.414897839864825535e+00 1.279283826784763267e+00
3.421181285155862728e+00 1.309203394617567406e+00
3.427465364374100876e+00 1.335150503653643961e+00
3.433754096688785840e+00 1.470548034643571089e+00
3.440035356242748144e+00 1.567872575988915607e+00
3.446315808169163386e+00 1.598055601850749685e+00
3.452602963757077426e+00 1.643684714725226259e+00
3.458885619127623823e+00 1.826726021466003491e+00
3.465165758924614980e+00 2.045913955784925076e+00
3.471451503231973046e+00 2.105495469656475827e+00
3.477736678957558336e+00 2.168913601728370111e+00
3.484022358005950615e+00 2.321186895574660625e+00
3.490300354914448899e+00 2.988311053542282547e+00
3.496585015994501777e+00 2.905874937390770185e+00
3.502870831105572069e+00 3.057586470627763120e+00
3.509147722814735637e+00 3.277477310112062447e+00
3.515429662141086098e+00 4.712979578885383880e+00
3.521712008697834850e+00 4.557982789625132369e+00
3.527993736944767811e+00 4.728857831169591464e+00
3.534279159635547618e+00 5.207373420171726330e+00
3.540566564128809546e+00 7.736418952308807384e+00
3.546847878650843722e+00 7.316602963773159551e+00
3.553133555247947939e+00 7.685358660617796822e+00
3.559420214763478363e+00 8.489391467584420425e+00
3.565699480408631494e+00 1.377407329246757683e+01
3.571981368517234134e+00 1.349394665134061100e+01
3.578268698423837879e+00 1.409022122993748027e+01
3.584550774530670392e+00 1.497858956186671264e+01
3.590828935987784298e+00 1.881842901937189438e+01
3.597110718088889492e+00 7.061352774531590512e+03
3.603396512424406506e+00 1.625593961099337648e+01
3.609676747082802173e+00 1.720521949100831449e+01
3.615957977992316330e+00 1.488680371607355468e+01
3.622243580426721010e+00 1.698104945298551272e+01
3.628522628462809596e+00 1.035827139232192451e+01
3.634808120005133425e+00 8.906586974286854641e+00
3.641096965386622752e+00 8.013235178503940404e+00
3.647384913781243299e+00 9.263101121305080454e+00
3.653666753133836043e+00 6.786930177860629243e+00
3.659947726352769770e+00 5.883614182841582441e+00
3.666234893709818365e+00 5.316775497330825218e+00
3.672516996003137191e+00 5.474148853767511369e+00
3.678797940623468765e+00 4.764577271312059992e+00
3.685082198750683435e+00 4.020323963355678210e+00
3.691363013935667237e+00 3.659560683882901344e+00
3.697646206996081375e+00 3.509036442075214257e+00
3.703928900991629636e+00 3.544967590121001599e+00
3.710211472841704605e+00 3.076471629410052699e+00
3.716497167052446926e+00 2.831423467535693295e+00
3.722777172938726675e+00 2.714590628163424668e+00
3.729061287240359235e+00 2.807769340180712003e+00
3.735344545777875336e+00 2.651003415854993772e+00
3.741626449543836941e+00 2.465004304008806102e+00
3.747909505093512728e+00 2.450558029868732834e+00
3.754193016198873689e+00 2.460466941075932112e+00
3.760479637558913790e+00 2.441736476094446218e+00
3.766759446133269851e+00 2.357576516311441051e+00
3.773037643559592702e+00 2.335160461059096360e+00
3.779325182447645037e+00 2.436395558862194388e+00
3.785611241998332765e+00 2.400012554123195585e+00
3.791893886399857028e+00 2.544346124999235847e+00
3.798178379008452232e+00 2.421020148965974172e+00
3.804460597007844669e+00 2.745411359222415637e+00
3.810741293786842121e+00 2.630703386048291570e+00
3.817024656157668172e+00 2.965156868010028202e+00
3.823308984901775620e+00 2.894366987410299963e+00
3.829591178579501598e+00 3.263524808104579122e+00
3.835873668636422096e+00 3.378888011516965495e+00
3.842161045612500381e+00 3.613678344321192171e+00
3.848445733590433626e+00 4.108812229615360856e+00
3.854726100441019820e+00 3.895282523890517545e+00
3.861008152561713036e+00 5.526940262666665049e+00
3.867288667520160317e+00 4.797769712050742541e+00
3.873571407143857837e+00 6.839104884029771014e+00
3.879855154507281689e+00 6.038253164239810289e+00
3.886140680133453706e+00 8.680268699366401108e+00
3.892423554426630350e+00 7.508328556348975447e+00
3.898707135643554089e+00 1.096272112530147957e+01
3.904992757440263862e+00 1.006986043319631108e+01
3.911274451483945036e+00 1.403551516143236455e+01
3.917556732333046021e+00 1.563092376622924995e+01
3.923841166575323225e+00 1.500098127973087614e+01
3.930124816016721478e+00 2.345942385867596514e+01
3.936403665333011226e+00 1.067122872046819460e+01
3.942687802723190860e+00 6.075272436309992372e+03
3.948975148759096498e+00 1.735358142770263967e+01
3.955262046498601247e+00 2.335734419544093043e+01
3.961543413939611291e+00 1.360192160120597471e+01
3.967823997647459411e+00 1.490133550202916624e+01
3.974109649109424769e+00 1.059087565732808400e+01
3.980390315513306465e+00 8.495465625131375376e+00
3.986670633178865497e+00 1.057488952179468811e+01
3.992954341574337374e+00 6.764323939198910729e+00
3.999239437674898312e+00 8.103096186950267565e+00
4.005522652480014045e+00 5.577704677246539511e+00
4.011802048177673718e+00 6.162267066175412644e+00
4.018085141715408426e+00 4.608432421338874541e+00
4.024369535233901729e+00 4.438438376641655303e+00
4.030649783293330124e+00 3.979707165318671080e+00
4.036932679129111357e+00 3.285335923764804988e+00
4.043220418290019325e+00 3.545052962520867990e+00
4.049507661662086200e+00 2.704043777269264481e+00
4.055788045907045891e+00 2.964352406151936847e+00
4.062067059164522043e+00 2.394009401935208281e+00
4.068352854787344874e+00 2.442404545699147000e+00
4.074635659509510788e+00 2.122554075388094041e+00
4.080917054045270831e+00 2.047086511054908797e+00
4.087205686088069889e+00 1.920149845011884793e+00
4.093490301644573393e+00 1.741848992895620230e+00
4.099770438207295697e+00 1.762803985563582421e+00
4.106052527015961573e+00 1.524044517896147921e+00
4.112336138144955910e+00 1.581751769509172956e+00
4.118621532583603972e+00 1.387339194805223608e+00
4.124903585067976941e+00 1.394092149228004285e+00
4.131182712642240240e+00 1.276212354284296469e+00
4.137468630000815217e+00 1.242603987088728212e+00
4.143753536347550614e+00 1.189062613799769519e+00
4.150036722937140432e+00 1.114424826240969280e+00
4.156319556835904372e+00 1.103948189955850534e+00
4.162601167118149981e+00 1.016875797567670103e+00
4.168887134570721464e+00 1.026773719036387700e+00
4.175169561765874171e+00 9.570153919416430899e-01
4.181452242899395877e+00 9.520922580902334564e-01
4.187739255360579449e+00 9.013531965210116459e-01
4.194021594670000574e+00 8.858665463750596825e-01
4.200300760695198754e+00 8.538278936615227854e-01
4.206583573312412838e+00 8.339958086605635534e-01
4.212864548425995892e+00 8.106647035120243538e-01
4.219147128485455589e+00 7.956664445931205254e-01
4.225433661438403377e+00 7.851586864634105822e-01
4.231718368477329406e+00 7.564137246708005913e-01
4.237998895475036498e+00 7.595375795389027740e-01
4.244279597466258380e+00 7.221516155758077593e-01
4.250566280105218198e+00 7.487477364598353891e-01
4.256851587952112936e+00 7.116015109444616682e-01
4.263132860899111698e+00 7.235882215612354784e-01
4.269414568915884445e+00 7.152615351903041097e-01
4.275698115740782512e+00 6.987694547462378614e-01
4.281980156021848671e+00 7.286184469765240035e-01
4.288263338818810944e+00 6.869816448141157217e-01
4.294548516739729926e+00 7.370821214497940144e-01
4.300830910891001224e+00 7.049213703967991407e-01
4.307114686814344395e+00 7.275530670175754944e-01
4.313397714262970695e+00 7.401794643943182539e-01
4.319680042548951882e+00 7.081111592579460989e-01
4.325962677260454470e+00 7.945320620570025527e-01
4.332247955255882133e+00 7.465742739216424395e-01
4.338534851577296791e+00 8.078634952925786150e-01
4.344817821624197940e+00 7.983661972018482045e-01
4.351099303949236052e+00 7.936549133696659819e-01
4.357383544198474290e+00 8.974032641260507592e-01
4.363669160634735533e+00 8.272395534376605353e-01
4.369952160826413134e+00 9.648298620809223625e-01
4.376231841677308942e+00 9.154909998469484833e-01
4.382510196913425915e+00 9.922128196484153451e-01
4.388795959382868261e+00 1.063351481992036662e+00
4.395079843903230810e+00 9.633520602847881475e-01
4.401360933733665881e+00 1.277461951373130011e+00
4.407643714302012405e+00 1.100638255897439244e+00
4.413926461136920665e+00 1.366139739355040073e+00
4.420212544897195173e+00 1.312741352728150845e+00
4.426495749838379012e+00 1.283222097169619103e+00
4.432779159072235409e+00 1.785456877566640399e+00
4.439059915458222427e+00 1.415471215054749488e+00
4.445341878237662137e+00 2.102273910636093035e+00
4.451628428868033005e+00 1.730448800165133694e+00
4.457914551035861095e+00 2.274708515759435112e+00
4.464200235517868265e+00 2.396554159217433977e+00
4.470482182628605194e+00 2.083998570649366666e+00
4.476764673345638990e+00 3.722482154122815246e+00
4.483049464187839561e+00 2.580198907944128095e+00
4.489333155731497271e+00 4.570386049126947903e+00
4.495613345822325080e+00 3.395575759573704833e+00
4.501892119142445026e+00 3.371471473988017831e+00
4.508175121787952655e+00 6.746855375531360721e+00
4.514460900366407792e+00 4.317037175455978648e+00
4.520742053546796591e+00 9.476284341808661082e+00
4.527023810359859013e+00 6.290934537843872576e+00
4.533308960469576654e+00 1.205589439249737005e+01
4.539592363903683037e+00 7.823467686577473934e+00
4.545874919538348990e+00 5.955648404024213249e+00
4.552157687156885402e+00 2.503842963222673916e+03
4.558443781612104395e+00 7.856245355303959066e+00
4.564727638565654111e+00 1.388734114882186432e+01
4.571009437592583602e+00 6.349216277772319117e+00
4.577294624203679163e+00 5.441414798675103803e+00
4.583578089646453968e+00 8.705434350688783240e+00
4.589862179487309568e+00 4.503064448373950590e+00
4.596143999485379439e+00 6.635527731207027990e+00
4.602425263016355572e+00 4.040008088012278620e+00
4.608712017363744806e+00 4.374781214743052260e+00
4.614996038799121791e+00 4.573438964282425800e+00
4.621277296175202665e+00 3.266395163680163360e+00
4.627559936726636458e+00 4.306484913281412474e+00
4.633841741478233800e+00 3.076296733709955600e+00
4.640122475394416135e+00 3.507514581544929566e+00
4.646404355152583321e+00 3.246054469294053835e+00
4.652690604636823046e+00 2.884457942116382956e+00
4.658976230417983366e+00 3.493248864200939163e+00
4.665257901055365863e+00 2.982695574583702935e+00
4.671540647875587204e+00 3.298412843698694363e+00
4.677823961431464284e+00 3.217748491953976941e+00
4.684108235097336426e+00 3.116427269671882883e+00
4.690391798870516382e+00 3.618854323726765188e+00
4.696675467203847987e+00 3.426609573564416422e+00
4.702958737792436672e+00 3.811434823693241380e+00
4.709239588303709922e+00 3.887051422728746264e+00
4.715521529300301218e+00 4.103810447006158491e+00
4.721804241650856326e+00 4.518554944814943575e+00
4.728088995851720711e+00 4.691657398545324043e+00
4.734372372593826483e+00 5.232329589804992409e+00
4.740653441478511532e+00 5.600405393126489884e+00
4.746937690136521226e+00 6.284840464752323719e+00
4.753220866740556438e+00 6.947905485599179087e+00
4.759499584445610942e+00 7.664634838926112970e+00
4.765784674643524177e+00 8.622612135621887219e+00
4.772072066667437440e+00 9.395466035273857486e+00
4.778354574712954772e+00 1.065273833727241382e+01
4.784639688699459548e+00 1.204904152049765287e+01
4.790924571112255670e+00 1.342239991188580106e+01
4.797207630427470448e+00 1.605992752937248014e+01
4.803491281906666188e+00 1.883402885326945153e+01
4.809774797188141271e+00 2.171941076080609889e+01
4.816055012942697999e+00 2.302027113538757064e+01
4.822335756210613056e+00 1.224476903951756867e+03
4.828618372965728156e+00 4.600864427943849478e+03
4.834902420031529147e+00 2.419223011130084444e+01
4.841185408631580422e+00 2.377773211650206164e+01
4.847466912745727718e+00 2.006477780852352311e+01
4.853753607692918415e+00 1.658424648992943062e+01
4.860040654770696023e+00 1.469377121919170648e+01
4.866322071713594433e+00 1.311964415598353639e+01
4.872604241020684235e+00 1.163285471171002783e+01
4.878889019589767173e+00 1.047778274555019706e+01
4.885169833709484877e+00 9.629218617368840327e+00
4.891451276335970988e+00 8.702985673212459972e+00
4.897735676523086390e+00 7.975567064107066173e+00
4.904020888466774863e+00 7.183623722406901280e+00
4.910302466098539043e+00 6.610419605900717421e+00
4.916582728670469749e+00 6.206230318867812734e+00
4.922870405746558653e+00 5.872179012951219690e+00
4.929152603204811633e+00 5.496818959112526493e+00
4.935433400905724355e+00 5.221195413490355541e+00
4.941720002621369012e+00 5.010606099993899498e+00
4.948000629162284447e+00 4.856489920510834501e+00
4.954284600437537378e+00 4.768975364826756547e+00
4.960568964118362345e+00 4.840008360498993412e+00
4.966849452054189484e+00 4.764853290521846141e+00
4.973133312553746244e+00 4.716722854049747227e+00
4.979416667731975110e+00 4.714203077749469450e+00
4.985701847394269137e+00 4.755215498491669912e+00
4.991986126907685062e+00 4.875641879731091421e+00
4.998266089552569014e+00 5.355086478602575362e+00
5.004548850075229538e+00 5.441794662077063194e+00
5.010834613416704109e+00 5.627785657781771533e+00
5.017114133618883365e+00 5.790806051895120987e+00
5.023396754503464123e+00 6.103399724464178000e+00
5.029682555385535103e+00 6.459983512404862793e+00
5.035962952494468681e+00 8.076593373251515828e+00
5.042248916723991670e+00 8.030020552855262395e+00
5.048534518437475249e+00 8.505774264819551789e+00
5.054817055058077102e+00 8.875517179393039413e+00
5.061103124450734292e+00 1.017722689077689679e+01
5.067385418511126005e+00 1.152976547316338518e+01
5.073665350133166108e+00 1.409550992140526304e+01
5.079944158568527435e+00 1.297901710401256103e+01
5.086229157971559722e+00 4.489816894968649649e+03
5.092516081670024342e+00 1.222928740508998757e+01
5.098799062815714933e+00 1.348665720350206421e+01
5.105081564999609967e+00 1.194629542343965234e+01
5.111362075909486435e+00 1.176340729130018659e+01
5.117646708276604173e+00 9.584664539805514138e+00
5.123931579419740423e+00 8.377126875521584637e+00
5.130214175713612157e+00 7.666132166920545998e+00
5.136495802354272833e+00 7.071622978527757120e+00
5.142780182582010973e+00 6.606810038395509288e+00
5.149064547742418618e+00 6.614695679805578266e+00
5.155344632471284605e+00 6.272703043041905957e+00
5.161628512901673460e+00 5.618113370694521436e+00
5.167914708882204167e+00 5.245083648819012012e+00
5.174198770587969065e+00 4.951347974057694223e+00
5.180481984271699147e+00 4.858318618747120787e+00
5.186765863297754464e+00 4.749838018972618592e+00
5.193047702705746893e+00 4.706955155982737615e+00
5.199327701301567295e+00 4.557648148402265953e+00
5.205610051315074038e+00 4.484868977568477355e+00
5.211893783792568513e+00 4.397546894041250987e+00
5.218178654991308285e+00 4.478894630774513885e+00
5.224460565579556182e+00 4.640933329923723427e+00
5.230741351715697540e+00 4.651989844952962194e+00
5.237027120177700112e+00 4.788171715407538720e+00
5.243314739467697549e+00 5.187840464281986641e+00
5.249595278023606149e+00 5.080053471723572578e+00
5.255875849079584938e+00 5.375265006101931142e+00
5.262158673469957471e+00 6.379200178421491785e+00
5.268439395112831214e+00 6.129991650168071793e+00
5.274722108206590931e+00 6.332564154046954386e+00
5.281007345641278938e+00 8.229752606849123353e+00
5.287293380248259567e+00 7.722422440976282942e+00
5.293576735145029133e+00 8.349990050702160715e+00
5.299860851423467523e+00 1.078804608839322476e+01
5.306144493245258609e+00 1.074797980565037925e+01
5.312427159026070100e+00 1.201808441783104087e+01
5.318710177455853838e+00 1.625675425808057284e+01
5.324993165098304893e+00 1.497180279878802089e+01
5.331278074387978627e+00 1.228711590661033881e+01
5.337561778582737837e+00 4.232539448161686778e+03
5.343844392417137712e+00 1.588669438555116287e+01
5.350127046241198059e+00 1.408651364843288434e+01
5.356410632573585850e+00 1.410572677003813524e+01
5.362696075374680404e+00 1.080182006593207333e+01
5.368977622023428431e+00 9.349110458276934210e+00
5.375259264787404234e+00 8.946889478030335852e+00
5.381542175673222239e+00 8.548604083731524028e+00
5.387824976115930475e+00 6.901418404288148345e+00
5.394108529100064331e+00 6.444567099197559656e+00
5.400390002504265929e+00 6.938586470545025087e+00
5.406673750202084960e+00 5.577978126069846887e+00
5.412955699794467890e+00 5.089861845585056166e+00
5.419237955148318520e+00 5.368421232716324987e+00
5.425523090525197212e+00 4.672903403569722336e+00
5.431805715860540396e+00 4.329870446932837069e+00
5.438090831113179924e+00 4.287990988025559780e+00
5.444374481405862554e+00 4.173608162456359238e+00
5.450656385985535479e+00 3.962735295267623137e+00
5.456941012042004324e+00 3.947143579858596762e+00
5.463223574256159232e+00 3.697784176962723546e+00
5.469506233746614043e+00 3.886436003123013183e+00
5.475791313392783799e+00 3.926892807115138329e+00
5.482076520806099751e+00 3.819530957059784626e+00
5.488361758921633360e+00 3.718921168678326783e+00
5.494642978338553085e+00 4.265426557862729062e+00
5.500922328851260090e+00 4.551490755236511809e+00
5.507204020884158169e+00 3.771729761667665048e+00
5.513487086383534574e+00 4.802077895247883532e+00
5.519772673170036725e+00 5.463749351759348727e+00
5.526055063335959083e+00 5.628586586370704303e+00
5.532333106276354329e+00 4.507332308688746458e+00
5.538615491667449930e+00 6.840966866724940587e+00
5.544903720115636148e+00 8.029483240582900194e+00
5.551187288815954801e+00 9.252372419767176837e+00
5.557470531467981090e+00 6.375068783920611715e+00
5.563755611658447897e+00 1.033993084581589628e+01
5.570037554875349350e+00 1.307187276239526000e+03
5.576319117887759802e+00 9.450342558181519692e+00
5.582602002155147680e+00 7.003771452364881966e+00
5.588888631490213754e+00 1.006316680578185974e+01
5.595175275496153233e+00 8.545344543642890756e+00
5.601458712915984961e+00 5.046178448855716425e+00
5.607739290868620330e+00 7.082599930527628374e+00
5.614020862542647983e+00 6.311457101917068435e+00
5.620301751604071860e+00 5.662157629382257085e+00
5.626585003660349749e+00 4.226249577334625585e+00
5.632870193703824135e+00 5.313131405152303977e+00
5.639149634200363970e+00 4.953556474348488337e+00
5.645432108629827361e+00 4.509815223954398711e+00
5.651717488754057328e+00 3.988666974010075972e+00
5.658002094958268557e+00 4.621820236312923491e+00
5.664286976960462461e+00 4.398356877166253120e+00
5.670566925585673879e+00 4.075942653135078864e+00
5.676852042208761162e+00 4.471271035498607382e+00
5.683137388589912575e+00 4.409770156705049793e+00
5.689418158699685257e+00 4.698025109570622249e+00
5.695702068056029077e+00 4.671868465588767450e+00
5.701985967982890813e+00 4.962105663003574030e+00
5.708271056387263620e+00 5.453067826015898234e+00
5.714552979709825564e+00 5.466791338696412872e+00
5.720831601415190093e+00 6.058458994130974773e+00
5.727115355927898221e+00 6.761513087057997140e+00
5.733398957275753105e+00 6.528949190124296642e+00
5.739684091351107575e+00 8.018552455248533661e+00
5.745967659604392708e+00 8.253894015983728849e+00
5.752250391047120992e+00 8.912462728783117072e+00
5.758534671789668380e+00 1.072920036634142349e+01
5.764815058099513223e+00 1.000849655643880531e+01
5.771097431484660589e+00 1.410866255934956293e+01
5.777380386878713026e+00 1.612867582629915475e+01
5.783664936364128373e+00 1.433311513201429932e+01
5.789947151929451863e+00 1.896838072713240919e+01
5.796231493774793186e+00 1.366291921575337831e+01
5.802516691340624533e+00 3.926396846096930858e+03
5.808797995112186641e+00 2.025127614759226091e+01
5.815082184083208539e+00 1.650783488228597307e+01
5.821365271507954020e+00 1.621966817983194886e+01
5.827645525290467532e+00 1.174588206555532466e+01
5.833928171908906890e+00 1.316364179980454985e+01
5.840215967589452717e+00 1.164517854629064786e+01
5.846501812893647454e+00 9.827764510358697692e+00
5.852781909673957728e+00 1.034115366347445786e+01
5.859063783293738226e+00 8.522997326024198017e+00
5.865349571500913406e+00 9.489388264441233289e+00
5.871632939480924129e+00 8.750337561059575719e+00
5.877914823986006176e+00 8.032934233527473822e+00
5.884196626054889023e+00 8.302503163054506530e+00
5.890479074317132913e+00 8.022316949536806518e+00
5.896763574100915228e+00 8.442970773368777770e+00
5.903046036848450306e+00 8.260288288216829145e+00
5.909328377713869429e+00 8.232903702162387205e+00
5.915613028288355224e+00 9.131789880734187292e+00
5.921894409622731281e+00 9.309524249416005759e+00
5.928177134794152536e+00 9.741803986571511587e+00
5.934464774883918992e+00 1.013073401489239345e+01
5.940751250578068188e+00 1.170111823738075252e+01
5.947033452245725549e+00 1.262281358935980258e+01
5.953312775740306151e+00 1.301903985913607364e+01
5.959594106507988265e+00 1.412772075629977131e+01
5.965876424548630652e+00 1.692646485393781219e+01
5.972161112468720390e+00 1.873773220542704365e+01
5.978446099492319199e+00 1.957021574355092142e+01
5.984727467931779010e+00 2.113027533629909627e+01
5.991012985181142447e+00 2.858138379843098065e+01
5.997297612744741713e+00 3.279290265451140840e+01
6.003577416164464609e+00 3.387258981928646762e+01
6.009860806138807909e+00 3.395145687130790435e+01
6.016144510375737831e+00 7.548857055318982930e+03
6.022426254013592661e+00 3.642187819864244602e+01
6.028706803290871719e+00 3.349646035018225376e+01
6.034987951204773715e+00 3.806687109139567582e+01
6.041274067685003857e+00 3.075461267264921261e+01
6.047558134944117647e+00 2.531859539749407517e+01
6.053840825089524813e+00 1.894161237567425360e+01
6.060125328398456190e+00 2.054967975762148313e+01
6.066409969294784155e+00 1.762946024483433405e+01
6.072694327029352301e+00 1.554599080052787485e+01
6.078974651295977694e+00 1.263897629386451982e+01
6.085257277597498238e+00 1.311733446590048935e+01
6.091541245232643398e+00 1.166436893537772690e+01
6.097826243439735450e+00 9.878787418410128751e+00
6.104111770776667889e+00 8.803644801824693999e+00
6.110396747466277034e+00 8.749438785249894934e+00
6.116679071538609236e+00 7.800624742974582304e+00
6.122958529493147672e+00 6.932015441653731180e+00
6.129240445810509641e+00 6.454708086259545397e+00
6.135524780557309654e+00 6.268481232749016918e+00
6.141807474577858805e+00 5.736150366661983746e+00
6.148089386189230510e+00 5.213253843644240604e+00
6.154375713159891070e+00 5.038963596219415919e+00
6.160661139581105950e+00 4.806854497079855015e+00
6.166941022971138331e+00 4.480568462882700942e+00
6.173222562097184785e+00 4.177982922417607270e+00
6.179507647741183440e+00 4.098034933636089505e+00
6.185789356936125749e+00 3.895778639743188165e+00
6.192072249861043431e+00 3.685245131875198865e+00
6.198356783359496802e+00 3.476375251935850841e+00
6.204641274559973496e+00 3.422843824364592891e+00
6.210924271106035732e+00 3.277930827126482871e+00
6.217206768102415460e+00 3.157611733330386361e+00
6.223486202302879633e+00 3.010331054057289624e+00
6.229767722260432627e+00 2.989799926488288850e+00
6.236054214854060085e+00 2.888643003281980537e+00
6.242340046436461343e+00 2.785997423757978098e+00
6.248623268972994360e+00 2.724446456884308088e+00
6.254906079998900026e+00 2.705655233135800142e+00
6.261190798611801611e+00 2.639895218523260922e+00
6.267470893840453527e+00 2.581854491608166047e+00
6.273752395561465356e+00 2.547280764050877000e+00
6.280038415116336203e+00 2.552997863359780517e+00
6.286322359143823313e+00 2.516148959164182131e+00
6.292605930180390494e+00 2.489767709160657372e+00
6.298890629102372074e+00 2.480560484535581089e+00
6.305171573266470375e+00 2.492152577383515588e+00
6.311455101240412091e+00 2.480174573062205567e+00
6.317739752668598996e+00 2.499026766633897445e+00
6.324019791664828638e+00 2.512515114369259006e+00
6.330300090404453961e+00 2.558734480360152386e+00
6.336582976227302488e+00 2.582384743499379187e+00
6.342866512790590328e+00 2.610887429635615042e+00
6.349149664171966911e+00 2.662629072485655612e+00
6.355436214245748339e+00 2.744895229381442814e+00
6.361722100221464338e+00 2.772037254560150377e+00
6.368004157429771439e+00 2.868608950004417846e+00
6.374285543992137093e+00 2.938609872538318513e+00
6.380569360201161722e+00 3.014899259618511351e+00
6.386853196179592906e+00 3.107875401623398925e+00
6.393134053012607509e+00 3.273514622403944418e+00
6.399418824019404539e+00 3.355663106802518225e+00
6.405704396360532904e+00 3.443196467107145331e+00
6.411984928491945013e+00 3.509863993406000748e+00
6.418265745466296579e+00 3.733350876754316872e+00
6.424549958658937854e+00 3.753803082834802574e+00
6.430834939158401653e+00 3.850617138069853507e+00
