1.000000000000000048e-04 4.308955676794905116e+02
1.013925407558815276e-04 4.366919016076637945e+02
1.028044732093309733e-04 4.425661389380952642e+02
1.042360673976401179e-04 4.485193221684890545e+02
1.056875971184803998e-04 4.545525047260553038e+02
1.071593399822671198e-04 4.606667538548285847e+02
1.086515774652538379e-04 4.668631508405039199e+02
1.101645949633656949e-04 4.731427911912721243e+02
1.116986818467822557e-04 4.795067848209009753e+02
1.132541315152811519e-04 4.859562563533720549e+02
1.148312414543511137e-04 4.924923479627346978e+02
1.164303132920876748e-04 4.991162197409337864e+02
1.180516528568805612e-04 5.058290473743139728e+02
1.196955702359042841e-04 5.126320222329379703e+02
1.213623798344240533e-04 5.195263515787065671e+02
1.230524004359261579e-04 5.265132587762082039e+02
1.247659552630869643e-04 5.335939834885339224e+02
1.265033720395903835e-04 5.407697808364210914e+02
1.282649830528059917e-04 5.480419209515964667e+02
1.300511252173408420e-04 5.554116906427341291e+02
1.318621401394748458e-04 5.628803937537173852e+02
1.336983741824946607e-04 5.704493513862544205e+02
1.355601785329368979e-04 5.781199021253572710e+02
1.374479092677536609e-04 5.858934022687313927e+02
1.393619274224142113e-04 5.937712264025838067e+02
1.413025990599533599e-04 6.017547681645879720e+02
1.432702953409830901e-04 6.098454398021859788e+02
1.452653925946781202e-04 6.180446722920999036e+02
1.472882723907501770e-04 6.263539155862069947e+02
1.493393216124251827e-04 6.347746388605899028e+02
1.514189325304352018e-04 6.433083307678313076e+02
1.535275028780422768e-04 6.519564981405999333e+02
1.556654359271062154e-04 6.607206614479599693e+02
1.578331405652118053e-04 6.696023594049042913e+02
1.600310313738700137e-04 6.786031507223584640e+02
1.622595287078087002e-04 6.877246143588047289e+02
1.645190587753662351e-04 6.969683497749280150e+02
1.668100537200059119e-04 7.063359771913078475e+02
1.691329517029648683e-04 7.158291384872670733e+02
1.714881969870539155e-04 7.254495011447835395e+02
1.738762400216250527e-04 7.351987562285999047e+02
1.762975375287205730e-04 7.450786170000278616e+02
1.787525525904235457e-04 7.550908191978224977e+02
1.812417547374237711e-04 7.652371213275553146e+02
1.837656200388170424e-04 7.755193049545997610e+02
1.863246311931559835e-04 7.859391748270046492e+02
1.889192776207666380e-04 7.964985573008003712e+02
1.915500555573527931e-04 8.071993012441660085e+02
1.942174681489026468e-04 8.180432795772802592e+02
1.969220255479171443e-04 8.290323895987409060e+02
1.996642450109793374e-04 8.401685532945670047e+02
2.024446509976803791e-04 8.514537176510032168e+02
2.052637752709252192e-04 8.628898548837795488e+02
2.081221569986339392e-04 8.744789608155776932e+02
2.110203428568596521e-04 8.862230550699516698e+02
2.139588871343421563e-04 8.981241832432438059e+02
2.169383518385184322e-04 9.101844173142412728e+02
2.199593068030074913e-04 9.224058559725999658e+02
2.230223297965938634e-04 9.347906249511295300e+02
2.261280066337279643e-04 9.473408773042477833e+02
2.292769312865648647e-04 9.600587903178874285e+02
2.324697059985647986e-04 9.729465636924539922e+02
2.357069413996727843e-04 9.860064245764311863e+02
2.389892566231050343e-04 9.992406283510198364e+02
2.423172794237600676e-04 1.012651458969027772e+03
2.456916462982790305e-04 1.026241229297446125e+03
2.491130026067788590e-04 1.040012281465669730e+03
2.525820026962784779e-04 1.053966987832991663e+03
2.560993100258459536e-04 1.068107752289969312e+03
2.596655972934872546e-04 1.082437009399303861e+03
2.632815465648020189e-04 1.096957224541070218e+03
2.669478494034321025e-04 1.111670894282762220e+03
2.706652070033241072e-04 1.126580546753468752e+03
2.744343303228365160e-04 1.141688742022139422e+03
2.782559402207125773e-04 1.156998072024694693e+03
2.821307675939470740e-04 1.172511159541632651e+03
2.860595535175741895e-04 1.188230659864741710e+03
2.900430493863991868e-04 1.204159261627905153e+03
2.940820170587063703e-04 1.220299687201563984e+03
2.981772290019673471e-04 1.236654693091383251e+03
3.023294684405776131e-04 1.253227070341216404e+03
3.065395295056526901e-04 1.270019642509335199e+03
3.108082173869063645e-04 1.287035252056283525e+03
3.151363484866479448e-04 1.304276769477608468e+03
3.195247505759213607e-04 1.321747100039185398e+03
3.239742629528195514e-04 1.339449184174551419e+03
3.284857366030043374e-04 1.357385997866785601e+03
3.330600343624588820e-04 1.375560553033691804e+03
3.376980310825091164e-04 1.393975898247801751e+03
3.424006137971425897e-04 1.412635122704051128e+03
3.471686818926559680e-04 1.431541355469891187e+03
3.520031472796678832e-04 1.450697763534074738e+03
3.569049345675229896e-04 1.470107552180605808e+03
3.618749812411280490e-04 1.489773965406726347e+03
3.669142378402493712e-04 1.509700286344615961e+03
3.720236681413065759e-04 1.529889837400156466e+03
3.772042493416997554e-04 1.550345974304571655e+03
3.824569722466999088e-04 1.571072086121123448e+03
3.877828414589457430e-04 1.592071601735076001e+03
3.931828755705770373e-04 1.613347990548753842e+03
3.986581073580438726e-04 1.634904762900476044e+03
4.042095839796305953e-04 1.656745470486710474e+03
4.098383671757261184e-04 1.678873706613671857e+03
4.155455334718875077e-04 1.701293096303990069e+03
4.213321743847288901e-04 1.724007290229219279e+03
4.271993966306776428e-04 1.747019979248078243e+03
4.331483223376398229e-04 1.770334896146971232e+03
4.391800892596086085e-04 1.793955816029723792e+03
4.452958509942655184e-04 1.817886556709315983e+03
4.514967772036101870e-04 1.842130979107203530e+03
4.577840538376616304e-04 1.866692989573928344e+03
4.641588833612777317e-04 1.891576543240113324e+03
4.706224849841281286e-04 1.916785640619001924e+03
4.771760948938746048e-04 1.942324327331555651e+03
4.838209664925957392e-04 1.968196694522504231e+03
4.905583706365045484e-04 1.994406879278467386e+03
4.973895958790062848e-04 2.020959065048100911e+03
5.043159487171358559e-04 2.047857472784205129e+03
5.113387538414325981e-04 2.075106332655317601e+03
5.184593543892913273e-04 2.102709910488809328e+03
5.256791122018419265e-04 2.130672517083980438e+03
5.329994080844087509e-04 2.158998508542198124e+03
5.404216420705914865e-04 2.187692286596405211e+03
5.479472336900287170e-04 2.216758298940020723e+03
5.555776222398877860e-04 2.246201040936794470e+03
5.633142670601351629e-04 2.276025063917110856e+03
5.711586478126434762e-04 2.306234970545583110e+03
5.791122647641758691e-04 2.336835411555425253e+03
5.871766390733255264e-04 2.367831086087469885e+03
5.953533130814370406e-04 2.399226742039288183e+03
6.036438506075863814e-04 2.431027176413641882e+03
6.120498372476703168e-04 2.463237232925992885e+03
6.205728806776500623e-04 2.495861772787095560e+03
6.292146109610343785e-04 2.528905684534586726e+03
6.379766808606282449e-04 2.562373903823251112e+03
6.468607661546327617e-04 2.596271414005324914e+03
6.558685659571435525e-04 2.630603246373994807e+03
6.650018030431118507e-04 2.665374480403199414e+03
6.742622241778341904e-04 2.700590243339999688e+03
6.836516004510238267e-04 2.736255696116162198e+03
6.931717276155407569e-04 2.772376032630035297e+03
7.028244264308353096e-04 2.808956493574117758e+03
7.126115430111745839e-04 2.846002367229189076e+03
7.225349491787214518e-04 2.883518989625313679e+03
7.325965428215230456e-04 2.921511744696903406e+03
7.427982482564918871e-04 2.959986064253234872e+03
7.531420165974375561e-04 2.998947417511354615e+03
7.636298261282241416e-04 3.038401304563318718e+03
7.742636826811269846e-04 3.078353271015568680e+03
7.850456200204509452e-04 3.118808909454355671e+03
7.959777002314985571e-04 3.159773859512249146e+03
8.070620141149507367e-04 3.201253807926302215e+03
8.183006815867389754e-04 3.243254488534422308e+03
8.296958520834906564e-04 3.285781664242116221e+03
8.412497049736117902e-04 3.328841099345465864e+03
8.529644499741025759e-04 3.372438595239651477e+03
8.648423275731726865e-04 3.416579996790871064e+03
8.768856094587426870e-04 3.461271192224035076e+03
8.890965989529158288e-04 3.506518112998287961e+03
9.014776314524917782e-04 3.552326733669965051e+03
9.140310748756232161e-04 3.598703062044316084e+03
9.267593301146882789e-04 3.645653109019859130e+03
9.396648314954690433e-04 3.693182915644192690e+03
9.527500472427289724e-04 3.741298562225138539e+03
9.660174799522645676e-04 3.790006168031311972e+03
9.794696670695395360e-04 3.839311890976652649e+03
9.931091813749799713e-04 3.889221927288750067e+03
1.006938631476027041e-03 3.939742499497276185e+03
1.020960662306046604e-03 3.990879788827397533e+03
1.035177955630176309e-03 4.042639976771492911e+03
1.049593230558227598e-03 4.095029275044237693e+03
1.064209244064724582e-03 4.148053925059163703e+03
1.079028791516183647e-03 4.201720197293138881e+03
1.094054707205742438e-03 4.256034390628543406e+03
1.109289864895222780e-03 4.311002828529314684e+03
1.124737178364752007e-03 4.366631824438028161e+03
1.140399601970033122e-03 4.422927691987049911e+03
1.156280131207375458e-03 4.479896766581379779e+03
1.172381803286598597e-03 4.537545404906670228e+03
1.188707697711903228e-03 4.595879984028323634e+03
1.205260936870842505e-03 4.654906900463998682e+03
1.222044686631488684e-03 4.714632565764496576e+03
1.239062156947915577e-03 4.775063328474492664e+03
1.256316602474121533e-03 4.836205468182038203e+03
1.273811323186478574e-03 4.898065267811390186e+03
1.291549665014883998e-03 4.960649015684025471e+03
1.309535020482667771e-03 5.023963004165610073e+03
1.327770829355428986e-03 5.088013528279625461e+03
1.346260579298911089e-03 5.152806883660053245e+03
1.365007806546013683e-03 5.218349327851653470e+03
1.384016096573131502e-03 5.284647055496406210e+03
1.403289084785873256e-03 5.351706247847876512e+03
1.422830457214352027e-03 5.419533075951893807e+03
1.442643951218158891e-03 5.488133698901017851e+03
1.462733356201129922e-03 5.557514262050868638e+03
1.483102514336104337e-03 5.627680895054986649e+03
1.503755321299738400e-03 5.698639661569938653e+03
1.524695727017573053e-03 5.770396483248399818e+03
1.545927736419478457e-03 5.842957233660981728e+03
1.567455410205594903e-03 5.916327753421570378e+03
1.589282865622978049e-03 5.990513847904267095e+03
1.611414277253019837e-03 6.065521284916869263e+03
1.633853877809860388e-03 6.141355792331182784e+03
1.656605958949915148e-03 6.218023023096719044e+03
1.679674872092653225e-03 6.295528452202236622e+03
1.703065029252844422e-03 6.373877465919398674e+03
1.726780903884356060e-03 6.453075390581161628e+03
1.750827031735723363e-03 6.533127489724579391e+03
1.775208011717636101e-03 6.614038961186248343e+03
1.799928506782476562e-03 6.695814934150957015e+03
1.824993244816152391e-03 6.778460446571735702e+03
1.850407019542302115e-03 6.861980329350865759e+03
1.876174691439119486e-03 6.946379274037332834e+03
1.902301188668945823e-03 7.031661880789680254e+03
1.928791508020777801e-03 7.117832655077476375e+03
1.955650715865949168e-03 7.204896004182415709e+03
1.982883949127071596e-03 7.292856233651500588e+03
2.010496416260497063e-03 7.381717535797691198e+03
2.038493398252464155e-03 7.471483900891058511e+03
2.066880249629082268e-03 7.562159141279836149e+03
2.095662399480432980e-03 7.653746943965575156e+03
2.124845352498882720e-03 7.746250867588344590e+03
2.154434690031882104e-03 7.839674338401920068e+03
2.184436071149428466e-03 7.934020646203426622e+03
2.214855233726359396e-03 8.029292933230415656e+03
2.245697995539773940e-03 8.125494034723936238e+03
2.276970255381679901e-03 8.222626465439985623e+03
2.308677994187167352e-03 8.320692563719690952e+03
2.340827276178294395e-03 8.419694493642808084e+03
2.373424250023866040e-03 8.519634240312361726e+03
2.406475150015424062e-03 8.620513605099413326e+03
2.439986297259550199e-03 8.722334200209645132e+03
2.473964100886811429e-03 8.825097405932436232e+03
2.508415059277541159e-03 8.928804342222490959e+03
2.543345761304648036e-03 9.033455915974254822e+03
2.578762887593801043e-03 9.139052820966979198e+03
2.614673211801091940e-03 9.245595532791245205e+03
2.651083601908536293e-03 9.353084303747384183e+03
2.688001021537607393e-03 9.461519157477092449e+03
2.725432531281027707e-03 9.570899802702284433e+03
2.763385290053169997e-03 9.681225504482576071e+03
2.801866556459195207e-03 9.792495240334143091e+03
2.840883690183301346e-03 9.904707723862104103e+03
2.880444153396298067e-03 1.001786139923169685e+04
2.920555512182745027e-03 1.013195443562790024e+04
2.961225437988034351e-03 1.024698472170820787e+04
3.002461709085549064e-03 1.036294979999806674e+04
3.044272212064302961e-03 1.047984667644215733e+04
3.086664943337274428e-03 1.059767198507201647e+04
3.129648010670750373e-03 1.071642204052260968e+04
3.173229634734976452e-03 1.083609283217462507e+04
3.217418150676371654e-03 1.095668001831181937e+04
3.262222009711669788e-03 1.107817892029653740e+04
3.307649780744242440e-03 1.120058448900527401e+04
3.353710152002928671e-03 1.132389113954396089e+04
3.400411932703706255e-03 1.144809284684704653e+04
3.447764054734464220e-03 1.157318321275750168e+04
3.495775574363275268e-03 1.169915546035055195e+04
3.544455673970435625e-03 1.182600242809066731e+04
3.593813663804625805e-03 1.195371656404193345e+04
3.643858983763544404e-03 1.208228988793764438e+04
3.694601205199302477e-03 1.221171363926125923e+04
3.746050032748993088e-03 1.234197838734512152e+04
3.798215306190736145e-03 1.247307425630787293e+04
3.851107002325568872e-03 1.260499092310587730e+04
3.904735236885560103e-03 1.273771761174954736e+04
3.959110266468458469e-03 1.287124308762314467e+04
4.014242490499322046e-03 1.300555564076722840e+04
4.070142453219439092e-03 1.314064283316757974e+04
4.126820845702951907e-03 1.327649148071936361e+04
4.184288507901584922e-03 1.341308788578544772e+04
4.242556430717777174e-03 1.355041784275018472e+04
4.301635758106795056e-03 1.368846663281998553e+04
4.361537789208005771e-03 1.382721901898908800e+04
4.422273980505896963e-03 1.396665923800099335e+04
4.483855948021191196e-03 1.410677080741439931e+04
4.546295469532399616e-03 1.424753640602344058e+04
4.609604486828434121e-03 1.438893813050526478e+04
4.673795107992463616e-03 1.453095751596976697e+04
4.738879609717651029e-03 1.467357553187846497e+04
4.804870439655133628e-03 1.481677257820147133e+04
4.871780218794630885e-03 1.496052848018502664e+04
4.939621743878320863e-03 1.510482193470500169e+04
5.008407989848212387e-03 1.524962967565626241e+04
5.078152112327670442e-03 1.539492757503677785e+04
5.148867450137497269e-03 1.554069083830668205e+04
5.220567527846975073e-03 1.568689400158687386e+04
5.293266058360561639e-03 1.583351092923234683e+04
5.366976945540476510e-03 1.598051481179180337e+04
5.441714286865887221e-03 1.612787874395874314e+04
5.517492376129128420e-03 1.627557749832543595e+04
5.594325706169377133e-03 1.642358586328385718e+04
5.672228971644543115e-03 1.657187807728054031e+04
5.751217071841613696e-03 1.672042782937347874e+04
5.831305113526218976e-03 1.686920826012418911e+04
5.912508413831881436e-03 1.701819196283158817e+04
5.994842503189408769e-03 1.716734974315203362e+04
6.078323128297229670e-03 1.731664351502431964e+04
6.162966255132942307e-03 1.746603091273037717e+04
6.248788072006888211e-03 1.761546857487862144e+04
6.335804992658253774e-03 1.776491215711063705e+04
6.424033659394191159e-03 1.791431633610921926e+04
6.513490946272802555e-03 1.806363481459268223e+04
6.604193962330305243e-03 1.821282068093141061e+04
6.696160054853215332e-03 1.836183020532249793e+04
6.789406812696112230e-03 1.851062153114696775e+04
6.883952069645496441e-03 1.865915213369882986e+04
6.979813907830660115e-03 1.880737878579738390e+04
7.077010661181889518e-03 1.895525756747532432e+04
7.175560918936921447e-03 1.910274387643301088e+04
7.275483529196232965e-03 1.924979245105446171e+04
7.376797602527730875e-03 1.939635764300803203e+04
7.479522515621821015e-03 1.954239343966119486e+04
7.583677914997190468e-03 1.968785322425626509e+04
7.689283720758305352e-03 1.983268977858004655e+04
7.796360130405236531e-03 1.997685529799859432e+04
7.904927622696419562e-03 2.012030140729068080e+04
8.015006961565405291e-03 2.026297912003939928e+04
8.126619200091946341e-03 2.040483547518273554e+04
8.239785684528511470e-03 2.054581154628559307e+04
8.354528058382871408e-03 2.068584720500321055e+04
8.470868266557402340e-03 2.082488159479929891e+04
8.588828559546249353e-03 2.096285315673458535e+04
8.708431497690724554e-03 2.109969965660100934e+04
8.829699955494083041e-03 2.123535821051164385e+04
8.952657125996400095e-03 2.136976434329212498e+04
9.077326525210224414e-03 2.150285057252652405e+04
9.203731996618221695e-03 2.163454841839800065e+04
9.331897715733238757e-03 2.176478879302038331e+04
9.461848194721992136e-03 2.189350203851676633e+04
9.593608287093146128e-03 2.202061796669922842e+04
9.727203192450536648e-03 2.214606590034424153e+04
9.862658461312821118e-03 2.226977405627387998e+04
1.000000000000000021e-02 2.239166758859313632e+04
1.013925407558815411e-02 2.251167056167232658e+04
1.028044732093309765e-02 2.262970665015880513e+04
1.042360673976401239e-02 2.274569919184741229e+04
1.056875971184803933e-02 2.285957124234381627e+04
1.071593399822671176e-02 2.297124563149786263e+04
1.086515774652538346e-02 2.308064458248074152e+04
1.101645949633657008e-02 2.318768727788122851e+04
1.116986818467822530e-02 2.329229159814878949e+04
1.132541315152811416e-02 2.339437535961806861e+04
1.148312414543511094e-02 2.349385638801851019e+04
1.164303132920876775e-02 2.359065259043330298e+04
1.180516528568805595e-02 2.368468202908993771e+04
1.196955702359042868e-02 2.377586256399865306e+04
1.213623798344240501e-02 2.386410732117758016e+04
1.230524004359261590e-02 2.394932648300545043e+04
1.247659552630869806e-02 2.403143052998512212e+04
1.265033720395903824e-02 2.411033038798737834e+04
1.282649830528059809e-02 2.418593752426711580e+04
1.300511252173408572e-02 2.425816404543811586e+04
1.318621401394748545e-02 2.432692266353672312e+04
1.336983741824946531e-02 2.439212385722245745e+04
1.355601785329368925e-02 2.445367594323197773e+04
1.374479092677536630e-02 2.451148809721029465e+04
1.393619274224142113e-02 2.456547060202676948e+04
1.413025990599533696e-02 2.461553496575076497e+04
1.432702953409830879e-02 2.466159404117317172e+04
1.452653925946781159e-02 2.470356210057291537e+04
1.472882723907501835e-02 2.474135224808027124e+04
1.493393216124251806e-02 2.477487501638314643e+04
1.514189325304352018e-02 2.480404237639442363e+04
1.535275028780422671e-02 2.482876823954593419e+04
1.556654359271062056e-02 2.484896859675293672e+04
1.578331405652117977e-02 2.486456165807424986e+04
1.600310313738700224e-02 2.487546798865209712e+04
1.622595287078087284e-02 2.488160925709134608e+04
1.645190587753662601e-02 2.488290635715224926e+04
1.668100537200059227e-02 2.487928245461108963e+04
1.691329517029648705e-02 2.487066364913662619e+04
1.714881969870539133e-02 2.485697912369160622e+04
1.738762400216250364e-02 2.483816129301280671e+04
1.762975375287205784e-02 2.481414595084527900e+04
1.787525525904235316e-02 2.478487213335539855e+04
1.812417547374237797e-02 2.475028142214272884e+04
1.837656200388170652e-02 2.471031893816289812e+04
1.863246311931559748e-02 2.466493376570647524e+04
1.889192776207666499e-02 2.461407909204984026e+04
1.915500555573527997e-02 2.455771234383207775e+04
1.942174681489026306e-02 2.449579531978386149e+04
1.969220255479171497e-02 2.442829486740962966e+04
1.996642450109793396e-02 2.435518607524876279e+04
2.024446509976803726e-02 2.427645019129703724e+04
2.052637752709252084e-02 2.419207324206368503e+04
2.081221569986339143e-02 2.410204612396906305e+04
2.110203428568594233e-02 2.400636469314733404e+04
2.139588871343421628e-02 2.390502984901543459e+04
2.169383518385184506e-02 2.379804849069928241e+04
2.199593068030074663e-02 2.368544283530281245e+04
2.230223297965938656e-02 2.356724662967319455e+04
2.261280066337277225e-02 2.344349865303943079e+04
2.292769312865648723e-02 2.331424261450975609e+04
2.324697059985647921e-02 2.317952715240091129e+04
2.357069413996727703e-02 2.303940582609292687e+04
2.389892566231050300e-02 2.289393785608212784e+04
2.423172794237598085e-02 2.274320452678326183e+04
2.456916462982790261e-02 2.258730852733667416e+04
2.491130026067788633e-02 2.242635707208218446e+04
2.525820026962784584e-02 2.226046102251499542e+04
2.560993100258459471e-02 2.208973475763779425e+04
2.596655972934869619e-02 2.191429603981969922e+04
2.632815465648019951e-02 2.173426623633618510e+04
2.669478494034320873e-02 2.154979109317618713e+04
2.706652070033241375e-02 2.136105119042337537e+04
2.744343303228365463e-02 2.116823070883315086e+04
2.782559402207126012e-02 2.097151430029468975e+04
2.821307675939470697e-02 2.077108683545156237e+04
2.860595535175742068e-02 2.056713315718448212e+04
2.900430493863991738e-02 2.035983790770926498e+04
2.940820170587063812e-02 2.014940755674248794e+04
2.981772290019673449e-02 1.993610093556496940e+04
3.023294684405776478e-02 1.972018062524362540e+04
3.065395295056526706e-02 1.950190427595055007e+04
3.108082173869063797e-02 1.928152431670545047e+04
3.151363484866478992e-02 1.905928769056634337e+04
3.195247505759213347e-02 1.883543561485799728e+04
3.239742629528195167e-02 1.861021815604823860e+04
3.284857366030043829e-02 1.838393682932173033e+04
3.330600343624588733e-02 1.815689760236761504e+04
3.376980310825091619e-02 1.792939564816488928e+04
3.424006137971425529e-02 1.770171521756215225e+04
3.471686818926559420e-02 1.747412955520870673e+04
3.520031472796678745e-02 1.724690085657610689e+04
3.569049345675229939e-02 1.702029278375066860e+04
3.618749812411280187e-02 1.679463923747577428e+04
3.669142378402494298e-02 1.657029102651390713e+04
3.720236681413065932e-02 1.634758147453580750e+04
3.772042493416997294e-02 1.612682659622273241e+04
3.824569722466999305e-02 1.590832543682790674e+04
3.877828414589457040e-02 1.569236046966462345e+04
3.931828755705769896e-02 1.547919391004709905e+04
3.986581073580438422e-02 1.526902528096417336e+04
4.042095839796305823e-02 1.506201176437435424e+04
4.098383671757261509e-02 1.485829982806632142e+04
4.155455334718875099e-02 1.465802615343996149e+04
4.213321743847289053e-02 1.446131805627456015e+04
4.271993966306776580e-02 1.426829391708571347e+04
4.331483223376398489e-02 1.407906864372436576e+04
4.391800892596085804e-02 1.389386245101231725e+04
4.452958509942655380e-02 1.371299369054451381e+04
4.514967772036102001e-02 1.353676677636074237e+04
4.577840538376616586e-02 1.336546838486784509e+04
4.641588833612777382e-02 1.319936875741499171e+04
4.706224849841281199e-02 1.303872305403529390e+04
4.771760948938745528e-02 1.288375040089328286e+04
4.838209664925956915e-02 1.273433954119925693e+04
4.905583706365045787e-02 1.259014648136564756e+04
4.973895958790062327e-02 1.245083646411221162e+04
5.043159487171358646e-02 1.231608895536370255e+04
5.113387538414326111e-02 1.218559671929623437e+04
5.184593543892913187e-02 1.205906491640674903e+04
5.256791122018424772e-02 1.193620685826750014e+04
5.329994080844088072e-02 1.181674131352259246e+04
5.404216420705915125e-02 1.170039720313850739e+04
5.479472336900287344e-02 1.158691351479319565e+04
5.555776222398877556e-02 1.147603874490352973e+04
5.633142670601357788e-02 1.136752712049550610e+04
5.711586478126429167e-02 1.126107624851710534e+04
5.791122647641758214e-02 1.115633448944222619e+04
5.871766390733255264e-02 1.105296042202524040e+04
5.953533130814370189e-02 1.095062472629734475e+04
6.036438506075870319e-02 1.084900963473360753e+04
6.120498372476696619e-02 1.074774394336791920e+04
6.205728806776500406e-02 1.064631422347675289e+04
6.292146109610344262e-02 1.054420378866727515e+04
6.379766808606282535e-02 1.044091674829076328e+04
6.468607661546327270e-02 1.033597821908685728e+04
6.558685659571428239e-02 1.022887403597184129e+04
6.650018030431117944e-02 1.011897319879369570e+04
6.742622241778342684e-02 1.000565750066120927e+04
6.836516004510238831e-02 9.888344612712709932e+03
6.931717276155408003e-02 9.766495263270731812e+03
7.028244264308344813e-02 9.639712962051315117e+03
7.126115430111745752e-02 9.507736018818684897e+03
7.225349491787214085e-02 9.370341259989376340e+03
7.325965428215229502e-02 9.227341891499903795e+03
7.427982482564918221e-02 9.078673291610168235e+03
7.531420165974367364e-02 8.924529419676402540e+03
7.636298261282241373e-02 8.765160143719149346e+03
7.742636826811269413e-02 8.600830844275636991e+03
7.850456200204508628e-02 8.431891304092459904e+03
7.959777002314985528e-02 8.258974228310231410e+03
8.070620141149499605e-02 8.082763172145052522e+03
8.183006815867389927e-02 7.903916497228367916e+03
8.296958520834907258e-02 7.723120572995067050e+03
8.412497049736118726e-02 7.541193814891536022e+03
8.529644499741025065e-02 7.358933502525065705e+03
8.648423275731717541e-02 7.177082380999265297e+03
8.768856094587426653e-02 6.996408689713819513e+03
8.890965989529157898e-02 6.817725824675251715e+03
9.014776314524917955e-02 6.641779611121936796e+03
9.140310748756232118e-02 6.469270957252217158e+03
9.267593301146882789e-02 6.301003989564318545e+03
9.396648314954690606e-02 6.137761478337347398e+03
9.527500472427290201e-02 5.980237284933818955e+03
9.660174799522645850e-02 5.829048922300377853e+03
9.794696670695395013e-02 5.684795690677833591e+03
9.931091813749801100e-02 5.548038868826418366e+03
1.006938631476027024e-01 5.419275572235974323e+03
1.020960662306046457e-01 5.298914500917617261e+03
1.035177955630176283e-01 5.187037657554509678e+03
1.049593230558227702e-01 5.083577312255363722e+03
1.064209244064724669e-01 4.988473199637604012e+03
1.079028791516183639e-01 4.901534166016272138e+03
1.094054707205742438e-01 4.822070849218721378e+03
1.109289864895222771e-01 4.749330000456939160e+03
1.124737178364751955e-01 4.682603265705899503e+03
1.140399601970033122e-01 4.620957203992917130e+03
1.156280131207375328e-01 4.563225986357800139e+03
1.172381803286598606e-01 4.508291627384719504e+03
1.188707697711903349e-01 4.455047302002404649e+03
1.205260936870842653e-01 4.402307404621788919e+03
1.222044686631488658e-01 4.348917253274595168e+03
1.239062156947915577e-01 4.293793089319780847e+03
1.256316602474120137e-01 4.235995918881200851e+03
1.273811323186478384e-01 4.174677942359848203e+03
1.291549665014883885e-01 4.109086141388451324e+03
1.309535020482667789e-01 4.038782490529097686e+03
1.327770829355429116e-01 3.963506897203110384e+03
1.346260579298909632e-01 3.883100558382944200e+03
1.365007806546013891e-01 3.797773130243577270e+03
1.384016096573131571e-01 3.707900371341343998e+03
1.403289084785873109e-01 3.613945291020680997e+03
1.422830457214351862e-01 3.516690996511226786e+03
1.442643951218157417e-01 3.416975462965084716e+03
1.462733356201129931e-01 3.315746555176911443e+03
1.483102514336104294e-01 3.214211270904376306e+03
1.503755321299738434e-01 3.113515916342592845e+03
1.524695727017572888e-01 3.014948173971100914e+03
1.545927736419477061e-01 2.919854350292250729e+03
1.567455410205594868e-01 2.829414016456535137e+03
1.589282865622977936e-01 2.744650119274776443e+03
1.611414277253019889e-01 2.666431443826902978e+03
1.633853877809862132e-01 2.595168074078598238e+03
1.656605958949913526e-01 2.530932457205801711e+03
1.679674872092653259e-01 2.473556741151651295e+03
1.703065029252844309e-01 2.422371309649516661e+03
1.726780903884355955e-01 2.376651101258780727e+03
1.750827031735725237e-01 2.335450225282646443e+03
1.775208011717634149e-01 2.297784597469180426e+03
1.799928506782476345e-01 2.262592115676032790e+03
1.824993244816152382e-01 2.228774035645513777e+03
1.850407019542302245e-01 2.195185296307219232e+03
1.876174691439121411e-01 2.160635781181460061e+03
1.902301188668943932e-01 2.124044164262633331e+03
1.928791508020777645e-01 2.084466068935087151e+03
1.955650715865949185e-01 2.041279024151077238e+03
1.982883949127071388e-01 1.994296607601821506e+03
2.010496416260499075e-01 1.943705112911113019e+03
2.038493398252462230e-01 1.890141716445392376e+03
2.066880249629081956e-01 1.834456732293740288e+03
2.095662399480432980e-01 1.777695833576461382e+03
2.124845352498882789e-01 1.720944122391139217e+03
2.154434690031884481e-01 1.665284359591939847e+03
2.184436071149426228e-01 1.611738798150739967e+03
2.214855233726359396e-01 1.561218656982064658e+03
2.245697995539774061e-01 1.514417995562680289e+03
2.276970255381680075e-01 1.471792149930849291e+03
2.308677994187169624e-01 1.433440512832834656e+03
2.340827276178291949e-01 1.399168080068084009e+03
2.373424250023866144e-01 1.368496805854927516e+03
2.406475150015424114e-01 1.340709584007759759e+03
2.439986297259550130e-01 1.314943520703596960e+03
2.473964100886814066e-01 1.290194237046726585e+03
2.508415059277538384e-01 1.265448076049403426e+03
2.543345761304648400e-01 1.239770888253598514e+03
2.578762887593800679e-01 1.212499323035639463e+03
2.614673211801092356e-01 1.183330248455113406e+03
2.651083601908538756e-01 1.152336535310172394e+03
2.688001021537604895e-01 1.119914965094599893e+03
2.725432531281027915e-01 1.086626556619984967e+03
2.763385290053169685e-01 1.053121415881667872e+03
2.801866556459195468e-01 1.020096811714032128e+03
2.840883690183304000e-01 9.882656089537287016e+02
2.880444153396297668e-01 9.582749915216228374e+02
2.920555512182745339e-01 9.305979098843072279e+02
2.961225437988034281e-01 9.053870974096038253e+02
3.002461709085549324e-01 8.824602244162942952e+02
3.044272212064302874e-01 8.613762445138114572e+02
3.086664943337274480e-01 8.415593764110959683e+02
3.129648010670750269e-01 8.224212386061925599e+02
3.173229634734976434e-01 8.034184319828999605e+02
3.217418150676371602e-01 7.840904032093520755e+02
3.262222009711669979e-01 7.641172209843798555e+02
3.307649780744242318e-01 7.433963192135524878e+02
3.353710152002928879e-01 7.220947169229056044e+02
3.400411932703706341e-01 7.006061699586230134e+02
3.447764054734464012e-01 6.794165835415121819e+02
3.495775574363275129e-01 6.589618906389869153e+02
3.544455673970435816e-01 6.395430557630675139e+02
3.593813663804625858e-01 6.213146356787948434e+02
3.643858983763544335e-01 6.043002443742709602e+02
3.694601205199302685e-01 5.883847654659949740e+02
3.746050032748993175e-01 5.733064857332141173e+02
3.798215306190736440e-01 5.587072900977267409e+02
3.851107002325568907e-01 5.442431137816259934e+02
3.904735236885559790e-01 5.296928816961876691e+02
3.959110266468458539e-01 5.149974031525565579e+02
4.014242490499321803e-01 5.002320595802621028e+02
4.070142453219439127e-01 4.855567004695505489e+02
4.126820845702952045e-01 4.711715950411736458e+02
4.184288507901580134e-01 4.572790465707158774e+02
4.242556430717777105e-01 4.440352864735396565e+02
4.301635758106794882e-01 4.314840398920165967e+02
4.361537789208005944e-01 4.195365652901136855e+02
4.422273980505896929e-01 4.080378183356611999e+02
4.483855948021185922e-01 3.968481124555163433e+02
4.546295469532399269e-01 3.858479807147269867e+02
4.609604486828433600e-01 3.749358161766946864e+02
4.673795107992463338e-01 3.640943286792015101e+02
4.738879609717651098e-01 3.534166924489522330e+02
4.804870439655128944e-01 3.430179572465239062e+02
4.871780218794630746e-01 3.329623859668677142e+02
4.939621743878320759e-01 3.232826666283264103e+02
5.008407989848212560e-01 3.139894057301146404e+02
5.078152112327670720e-01 3.050371504224654586e+02
5.148867450137492030e-01 2.963346396513607601e+02
5.220567527846975420e-01 2.878123542581028573e+02
5.293266058360561743e-01 2.794520867566521929e+02
5.366976945540475885e-01 2.712565524030027291e+02
5.441714286865892980e-01 2.632422090018847030e+02
5.517492376129122800e-01 2.554556339613943408e+02
5.594325706169377410e-01 2.479325021564851284e+02
5.672228971644543982e-01 2.406586069973536155e+02
5.751217071841613349e-01 2.336086689001774630e+02
5.831305113526225048e-01 2.267658987901667444e+02
5.912508413831875087e-01 2.200956050382418709e+02
5.994842503189409255e-01 2.135746082950801394e+02
6.078323128297229427e-01 2.072201135063866388e+02
6.162966255132942273e-01 2.010429595854303955e+02
6.248788072006894456e-01 1.950418116741070946e+02
6.335804992658248258e-01 1.892266142350974860e+02
6.424033659394190465e-01 1.835890158246272108e+02
6.513490946272803006e-01 1.781152391891522768e+02
6.604193962330304757e-01 1.727939978569255004e+02
6.696160054853221855e-01 1.676203047653457361e+02
6.789406812696106019e-01 1.625907465923855568e+02
6.883952069645495886e-01 1.577019553876378950e+02
6.979813907830659803e-01 1.529506096783379974e+02
7.077010661181889484e-01 1.483334354675748727e+02
7.175560918936928489e-01 1.438472071259905647e+02
7.275483529196224985e-01 1.394887481812009185e+02
7.376797602527730424e-01 1.352549320091141851e+02
7.479522515621821466e-01 1.311426824312821680e+02
7.583677914997191127e-01 1.271489742223303239e+02
7.689283720758313123e-01 1.232708335314741532e+02
7.796360130405228794e-01 1.195053382220340552e+02
7.904927622696420464e-01 1.158496181328018935e+02
8.015006961565405152e-01 1.123008552650235998e+02
8.126619200091945716e-01 1.088562816650103429e+02
8.239785684528520004e-01 1.055130931741910985e+02
8.354528058382862943e-01 1.022684346347788562e+02
8.470868266557401993e-01 9.911951989470637159e+01
8.588828559546249908e-01 9.606363847944247425e+01
8.708431497690723999e-01 9.309815361122855393e+01
8.829699955494091368e-01 9.022050027857602572e+01
8.952657125996391629e-01 8.742818335477495850e+01
9.077326525210223096e-01 8.471877576419598199e+01
9.203731996618220723e-01 8.208991669520165146e+01
9.331897715733238341e-01 7.953930985850408319e+01
9.461848194722002336e-01 7.706472178984164145e+01
9.593608287093147169e-01 7.466398019587404633e+01
9.727203192450537550e-01 7.233497234221853489e+01
9.862658461312820979e-01 7.007564348257976405e+01
1.000000000000000000e+00 6.788399532795170899e+01
1.013925407558814218e+00 6.575808556081366874e+01
1.028044732093309710e+00 6.369604284086641144e+01
1.042360673976401086e+00 6.169606038702301731e+01
1.056875971184805030e+00 5.975637859832666976e+01
1.071593399822671211e+00 5.787528347911270998e+01
1.086515774652537347e+00 5.605110562107374506e+01
1.101645949633657029e+00 5.428221920185420402e+01
1.116986818467822662e+00 5.256704100014432868e+01
1.132541315152812755e+00 5.090402942723587643e+01
1.148312414543511073e+00 4.929168357499505504e+01
1.164303132920875505e+00 4.772854228018611167e+01
1.180516528568805512e+00 4.621318320508300559e+01
1.196955702359042695e+00 4.474422193428689809e+01
1.213623798344241722e+00 4.332031108765825422e+01
1.230524004359261570e+00 4.194013944927372961e+01
1.247659552630868474e+00 4.060243111229505075e+01
1.265033720395903893e+00 3.930594416008568714e+01
1.282649830528059809e+00 3.804946587174990213e+01
1.300511252173409904e+00 3.683181454063820581e+01
1.318621401394748593e+00 3.565184137880761739e+01
1.336983741824945282e+00 3.450842969898781121e+01
1.355601785329368925e+00 3.340049408564385658e+01
1.374479092677536762e+00 3.232697958505055169e+01
1.393619274224143556e+00 3.128686091402364156e+01
1.413025990599533710e+00 3.027914168696295860e+01
1.432702953409829449e+00 2.930285366085682242e+01
1.452653925946781222e+00 2.835705599790977871e+01
1.472882723907501745e+00 2.744083454545360112e+01
1.493393216124253353e+00 2.655330113280717086e+01
1.514189325304351907e+00 2.569359288475725123e+01
1.535275028780421103e+00 2.486087155133080628e+01
1.556654359271061994e+00 2.405432285353963806e+01
1.578331405652116493e+00 2.327315587553900400e+01
1.600310313738701806e+00 2.251660257742068794e+01
1.622595287078087090e+00 2.178391705309606508e+01
1.645190587753660783e+00 2.107437487238771112e+01
1.668100537200059241e+00 2.038727250439767147e+01
1.691329517029646956e+00 1.972192675492466307e+01
1.714881969870540868e+00 1.907767421756554782e+01
1.738762400216250503e+00 1.845387073822227109e+01
1.762975375287203939e+00 1.784989089273418017e+01
1.787525525904235524e+00 1.726512747736512665e+01
1.812417547374235882e+00 1.669899101187494850e+01
1.837656200388172456e+00 1.615090925490947882e+01
1.863246311931559873e+00 1.562032673144960704e+01
1.889192776207664348e+00 1.510670427205981170e+01
1.915500555573527830e+00 1.460951856368465585e+01
1.942174681489024390e+00 1.412826171173947643e+01
1.969220255479173565e+00 1.366244076573322985e+01
1.996642450109793465e+00 1.321157719578414458e+01
2.024446509976801867e+00 1.277520663501701925e+01
2.052637752709252084e+00 1.235287852094065641e+01
2.081221569986337006e+00 1.194415570801380255e+01
2.110203428568596440e+00 1.154861409024642960e+01
2.139588871343421683e+00 1.116584223360808714e+01
2.169383518385182175e+00 1.079544101801538325e+01
2.199593068030074594e+00 1.043702328867876439e+01
2.230223297965936435e+00 1.009021351659047383e+01
2.261280066337279404e+00 9.754647467939580707e+00
2.292769312865648779e+00 9.429971882246269033e+00
2.324697059985650238e+00 9.115844159008410941e+00
2.357069413996727647e+00 8.811932052660482739e+00
2.389892566231047955e+00 8.517913375646083196e+00
2.423172794237600680e+00 8.233475709043101887e+00
2.456916462982789984e+00 7.958316052545045594e+00
2.491130026067791103e+00 7.692140482887291242e+00
2.525820026962784848e+00 7.434664033852432574e+00
2.560993100258456945e+00 7.185610455978670430e+00
2.596655972934872381e+00 6.944711962013873752e+00
2.632815465648020048e+00 6.711708979359853444e+00
2.669478494034323468e+00 6.486349909330495045e+00
2.706652070033241486e+00 6.268390893052371737e+00
2.744343303228362618e+00 6.057595583838396358e+00
2.782559402207125832e+00 5.853734925870758055e+00
2.821307675939470627e+00 5.656586939031786443e+00
2.860595535175745052e+00 5.465936509725111137e+00
2.900430493863991543e+00 5.281575187534026661e+00
2.940820170587060911e+00 5.103300987565933866e+00
2.981772290019673477e+00 4.930918198336636138e+00
3.023294684405776422e+00 4.764237194707259704e+00
3.065395295056529967e+00 4.603074241315872506e+00
3.108082173869064047e+00 4.447251312783706112e+00
3.151363484866476217e+00 4.296595944540420930e+00
3.195247505759213791e+00 4.150941067647348603e+00
3.239742629528195472e+00 4.010124846624917971e+00
3.284857366030046855e+00 3.873990521907803242e+00
3.330600343624588788e+00 3.742386256805167122e+00
3.376980310825087983e+00 3.615164988845297245e+00
3.424006137971425723e+00 3.492184285387778697e+00
3.471686818926559503e+00 3.373306203388657831e+00
3.520031472796682603e+00 3.258397153206753938e+00
3.569049345675229468e+00 3.147327766342603805e+00
3.618749812411276690e+00 3.039972767003320087e+00
3.669142378402494131e+00 2.936210847390092749e+00
3.720236681413065849e+00 2.835924546607096364e+00
3.772042493417001374e+00 2.739000131338103383e+00
3.824569722466999000e+00 2.645327450209996822e+00
3.877828414589453487e+00 2.554799831392728482e+00
3.931828755705770284e+00 2.467314007275740462e+00
3.986581073580438783e+00 2.382770010537830441e+00
4.042095839796310486e+00 2.301071072114307725e+00
4.098383671757261482e+00 2.222123522190818878e+00
4.155455334718871185e+00 2.145836694138411271e+00
4.213321743847289191e+00 2.072122831307209534e+00
4.271993966306776969e+00 2.000896996597901989e+00
4.331483223376403124e+00 1.932076984732323588e+00
4.391800892596085859e+00 1.865583237146904327e+00
4.452958509942650522e+00 1.801338759434176762e+00
4.514967772036102112e+00 1.739269041260072202e+00
4.577840538376616308e+00 1.679301978686335906e+00
4.641588833612781961e+00 1.621367798829230100e+00
4.706224849841281532e+00 1.565398986727571939e+00
4.771760948938741365e+00 1.511330213935262012e+00
4.838209664925956943e+00 1.459098270137540565e+00
4.905583706365045593e+00 1.408641996890488191e+00
4.973895958790067517e+00 1.359902222987596998e+00
5.043159487171358535e+00 1.312821701783223771e+00
5.113387538414320588e+00 1.267345050421102126e+00
5.184593543892913381e+00 1.223418690912830398e+00
5.256791122018419138e+00 1.180990793012486773e+00
5.329994080844093318e+00 1.140011218835051077e+00
5.404216420705915347e+00 1.100431469167932663e+00
5.479472336900281348e+00 1.062204631425959445e+00
5.555776222398877806e+00 1.025285329201890194e+00
5.633142670601351654e+00 9.896296733656215761e-01
5.711586478126434940e+00 9.551952146665536603e-01
5.791122647641758547e+00 9.219408977950459549e-01
5.871766390733249352e+00 8.898270147796020213e-01
5.953533130814370189e+00 8.588151519197554373e-01
6.036438506075863408e+00 8.288681574637338789e-01
6.120498372476703253e+00 7.999501060209834868e-01
6.205728806776500406e+00 7.720262590938010705e-01
6.292146109610337490e+00 7.450630268324456296e-01
6.379766808606282424e+00 7.190279309861249413e-01
6.468607661546320386e+00 6.938895690137377725e-01
6.558685659571435345e+00 6.696175793193677173e-01
6.650018030431118277e+00 6.461826075786130108e-01
6.742622241778335024e+00 6.235562741226376993e-01
6.836516004510238886e+00 6.017111423479805099e-01
6.931717276155400675e+00 5.806206881209632353e-01
7.028244264308352918e+00 5.602592701464329528e-01
7.126115430111745752e+00 5.406021012715840346e-01
7.225349491787206979e+00 5.216252206962677107e-01
7.325965428215230446e+00 5.033054665114901072e-01
7.427982482564910782e+00 4.856204482847665815e-01
7.531420165974375358e+00 4.685485236369430484e-01
7.636298261282241207e+00 4.520687742891693062e-01
7.742636826811277295e+00 4.361609823730381308e-01
7.850456200204509294e+00 4.208056074953617220e-01
7.959777002314977423e+00 4.059837645342379009e-01
8.070620141149507987e+00 3.916772021438884033e-01
8.183006815867390316e+00 3.778682819463277665e-01
8.296958520834914808e+00 3.645399583885815531e-01
8.412497049736117560e+00 3.516757592448810366e-01
8.529644499741015906e+00 3.392597667437592390e-01
8.648423275731726534e+00 3.272765993006796492e-01
8.768856094587427208e+00 3.157113938373459217e-01
8.890965989529167501e+00 3.045497886694031320e-01
9.014776314524917566e+00 2.937779069414762634e-01
9.140310748756222736e+00 2.833823397740485306e-01
9.267593301146883178e+00 2.733501298437957527e-01
9.396648314954690662e+00 2.636687582269774954e-01
9.527500472427300693e+00 2.543261301300303034e-01
9.660174799522645017e+00 2.453105608002121296e-01
9.794696670695385521e+00 2.366107618935612833e-01
9.931091813749800323e+00 2.282158282857717491e-01
1.006938631476027091e+01 2.201152253119630087e-01
1.020960662306047517e+01 2.122987764217594275e-01
1.035177955630176250e+01 2.047566512365535107e-01
1.049593230558226686e+01 1.974793539961630373e-01
1.064209244064724658e+01 1.904577123825473006e-01
1.079028791516183539e+01 1.836828667085862732e-01
1.094054707205743604e+01 1.771462594603044338e-01
1.109289864895222699e+01 1.708396251813033284e-01
1.124737178364750712e+01 1.647549806816461238e-01
1.140399601970033139e+01 1.588846152294079439e-01
1.156280131207375383e+01 1.532210812953406776e-01
1.172381803286599755e+01 1.477571862334475794e-01
1.188707697711903322e+01 1.424859837539567409e-01
1.205260936870841348e+01 1.374007656329745974e-01
1.222044686631488730e+01 1.324950536954508096e-01
1.239062156947915661e+01 1.277625920626466460e-01
1.256316602474121424e+01 1.231973396555815642e-01
1.273811323186478539e+01 1.187934629462267661e-01
1.291549665014882642e+01 1.145453289484244241e-01
1.309535020482667633e+01 1.104474984408129051e-01
1.327770829355429072e+01 1.064947194142459586e-01
1.346260579298911075e+01 1.026819207364382536e-01
1.365007806546013747e+01 9.900420602681586635e-02
1.384016096573130206e+01 9.545684773473982199e-02
1.403289084785873087e+01 9.203528138626472510e-02
1.422830457214351974e+01 8.873509949078134396e-02
1.442643951218158804e+01 8.555204631464824461e-02
1.462733356201129808e+01 8.248201331001993319e-02
1.483102514336102828e+01 7.952103412562852580e-02
1.503755321299738412e+01 7.666527976018913670e-02
1.524695727017573077e+01 7.391105387812156591e-02
1.545927736419478471e+01 7.125478828225730032e-02
1.567455410205595001e+01 6.869303853838598650e-02
1.589282865622976360e+01 6.622247974663682257e-02
1.611414277253019733e+01 6.383990245487557169e-02
1.633853877809860222e+01 6.154220870943646893e-02
1.656605958949915092e+01 5.932640823866102558e-02
1.679674872092653004e+01 5.718961476487285228e-02
1.703065029252842777e+01 5.512904244053989239e-02
1.726780903884355922e+01 5.314200240453193641e-02
1.750827031735723338e+01 5.122589944442819399e-02
1.775208011717635870e+01 4.937822868349165534e-02
1.799928506782476489e+01 4.759657253244891500e-02
1.824993244816150550e+01 4.587859776101096271e-02
1.850407019542302223e+01 4.422205259641923125e-02
1.876174691439119613e+01 4.262476391912228130e-02
1.902301188668945642e+01 4.108463455346805793e-02
1.928791508020777812e+01 3.959964065025478597e-02
1.955650715865947120e+01 3.816782915807721138e-02
1.982883949127071332e+01 3.678731538051351058e-02
2.010496416260497199e+01 3.545628061628980365e-02
2.038493398252464317e+01 3.417296987965123822e-02
2.066880249629081945e+01 3.293568969826687204e-02
2.095662399480430693e+01 3.174280598607109177e-02
2.124845352498882889e+01 3.059274198854273347e-02
2.154434690031882127e+01 2.948397629799407935e-02
2.184436071149428571e+01 2.841504090787177333e-02
2.214855233726359174e+01 2.738451921355089871e-02
2.245697995539771696e+01 2.639104436028293435e-02
2.276970255381679920e+01 2.543329759288169220e-02
2.308677994187167215e+01 2.451000658419725392e-02
2.340827276178294269e+01 2.361994382067563944e-02
2.373424250023866122e+01 2.276192504328555799e-02
2.406475150015421605e+01 2.193480774193794225e-02
2.439986297259550341e+01 2.113748970159547158e-02
2.473964100886811579e+01 2.036890759832287595e-02
2.508415059277541204e+01 1.962803564358794189e-02
2.543345761304648178e+01 1.891388427518276780e-02
2.578762887593803654e+01 1.822549889318387725e-02
2.614673211801092023e+01 1.756195863942727406e-02
2.651083601908536380e+01 1.692237521902098182e-02
2.688001021537607471e+01 1.630589176247081509e-02
2.725432531281027693e+01 1.571168170056826477e-02
2.763385290053172838e+01 1.513894763261009260e-02
2.801866556459195223e+01 1.458692039381884881e-02
2.840883690183301269e+01 1.405485809272510531e-02
2.880444153396297935e+01 1.354204515471226292e-02
2.920555512182745161e+01 1.304779139869742879e-02
2.961225437988037612e+01 1.257143114581519595e-02
3.002461709085549302e+01 1.211232235901180468e-02
3.044272212064299765e+01 1.166984581248944192e-02
3.086664943337274636e+01 1.124340428998107586e-02
3.129648010670750580e+01 1.083242181086699861e-02
3.173229634734979498e+01 1.043634288317900165e-02
3.217418150676371624e+01 1.005463178257100069e-02
3.262222009711666715e+01 9.686771856364174288e-03
3.307649780744242207e+01 9.332264851807135081e-03
3.353710152002928879e+01 8.990630267641269713e-03
3.400411932703709539e+01 8.661404702526178875e-03
3.447764054734464167e+01 8.344141219383061428e-03
3.495775574363271687e+01 8.038408823552110546e-03
3.544455673970435328e+01 7.743791909300220058e-03
3.593813663804625946e+01 7.459889715683346717e-03
3.643858983763548309e+01 7.186315801447002924e-03
3.694601205199302285e+01 6.922697538307317350e-03
3.746050032748988912e+01 6.668675621975609681e-03
3.798215306190736129e+01 6.423903600312696159e-03
3.851107002325569084e+01 6.188047418019701658e-03
3.904735236885564120e+01 5.960784977291606369e-03
3.959110266468458406e+01 5.741805713881095730e-03
4.014242490499317739e+01 5.530810188037459454e-03
4.070142453219438750e+01 5.327509689804883590e-03
4.126820845702951601e+01 5.131625858181556102e-03
4.184288507901584353e+01 4.942890313154817312e-03
4.242556430717777260e+01 4.761044271628566728e-03
4.301635758106790774e+01 4.585838194347720276e-03
4.361537789208005478e+01 4.417031503824583698e-03
4.422273980505897129e+01 4.254392269312973034e-03
4.483855948021190585e+01 4.097696898609355827e-03
4.546295469532399380e+01 3.946729840744941063e-03
4.609604486828428804e+01 3.801283299186683593e-03
4.673795107992463471e+01 3.661156955179645060e-03
4.738879609717650965e+01 3.526157700874994142e-03
4.804870439655133652e+01 3.396099381900488309e-03
4.871780218794631168e+01 3.270802549042789702e-03
4.939621743878315385e+01 3.150094218721354380e-03
5.008407989848212338e+01 3.033807641945916039e-03
5.078152112327670409e+01 2.921782081459576002e-03
5.148867450137497315e+01 2.813862596779817711e-03
5.220567527846975509e+01 2.709899835861281220e-03
5.293266058360556059e+01 2.609749813239927406e-03
5.366976945540476152e+01 2.513273720899699207e-03
5.441714286865887829e+01 2.420337766916932139e-03
5.517492376129128928e+01 2.330812996541818498e-03
5.594325706169377810e+01 2.244575118551566523e-03
5.672228971644537410e+01 2.161504337793759400e-03
5.751217071841613659e+01 2.081485193701000224e-03
5.831305113526218520e+01 2.004406404565196257e-03
5.912508413831881171e+01 1.930160717367423919e-03
5.994842503189408944e+01 1.858644762966750116e-03
6.078323128297223832e+01 1.789758916457766897e-03
6.162966255132942450e+01 1.723407162513893986e-03
6.248788072006887973e+01 1.659496965539493732e-03
6.335804992658254520e+01 1.597939144460274515e-03
6.424033659394190465e+01 1.538647751987505660e-03
6.513490946272796123e+01 1.481539955855402674e-03
6.604193962330305112e+01 1.426535901891948102e-03
6.696160054853214660e+01 1.373558619630316875e-03
6.789406812696113036e+01 1.322533937366944783e-03
6.883952069645496863e+01 1.273390381258678820e-03
6.979813907830653363e+01 1.226059077711189526e-03
7.077010661181888906e+01 1.180473659283531873e-03
7.175560918936920984e+01 1.136570173982609077e-03
7.275483529196232269e+01 1.094286997825774351e-03
7.376797602527730646e+01 1.053564750554373533e-03
7.479522515621813739e+01 1.014346214384936190e-03
7.583677914997190328e+01 9.765762556890854058e-04
7.689283720758305662e+01 9.402017494968695080e-04
7.796360130405237499e+01 9.051715067221591032e-04
7.904927622696420997e+01 8.714362040123724892e-04
8.015006961565413235e+01 8.389483161281324113e-04
8.126619200091946027e+01 8.076620481145958645e-04
8.239785684528511922e+01 7.775332577362290172e-04
8.354528058382871336e+01 7.485194080197512395e-04
8.470868266557401682e+01 7.205795169492630733e-04
8.588828559546259100e+01 6.936741008661201704e-04
8.708431497690723688e+01 6.677651198965647503e-04
8.829699955494082531e+01 6.428159253624115112e-04
8.952657125996400111e+01 6.187912091029238240e-04
9.077326525210223451e+01 5.956569546384115786e-04
9.203731996618230937e+01 5.733803901086210412e-04
9.331897715733238385e+01 5.519299429215742021e-04
9.461848194721991945e+01 5.312751960506466352e-04
9.593608287093147169e+01 5.113868459200942391e-04
9.727203192450537017e+01 4.922366618213497389e-04
9.862658461312830127e+01 4.737974468044540348e-04
1.000000000000000000e+02 4.560429999911552387e-04
